1.000000e+00  3.700343e-03
9.841340e-01  8.230636e-03
9.682721e-01  1.249604e-02
9.524181e-01  1.659341e-02
9.365761e-01  2.059130e-02
9.207500e-01  2.453573e-02
9.049440e-01  2.845523e-02
8.891618e-01  3.236512e-02
8.734075e-01  3.627102e-02
8.576852e-01  4.017181e-02
8.419986e-01  4.406201e-02
8.263518e-01  4.793356e-02
8.107488e-01  5.177728e-02
7.951933e-01  5.558387e-02
7.796895e-01  5.934460e-02
7.642411e-01  6.305174e-02
7.488520e-01  6.669874e-02
7.335262e-01  7.028033e-02
7.182674e-01  7.379233e-02
7.030796e-01  7.723157e-02
6.879666e-01  8.059556e-02
6.729320e-01  8.388229e-02
6.579799e-01  8.708994e-02
6.431138e-01  9.021658e-02
6.283375e-01  9.326003e-02
6.136549e-01  9.621757e-02
5.990695e-01  9.908587e-02
5.845850e-01  1.018609e-01
5.702051e-01  1.045378e-01
5.559334e-01  1.071110e-01
5.417735e-01  1.095742e-01
5.277289e-01  1.119206e-01
5.138033e-01  1.141426e-01
5.000000e-01  1.162326e-01
4.863226e-01  1.181827e-01
4.727745e-01  1.199850e-01
4.593592e-01  1.216317e-01
4.460799e-01  1.231156e-01
4.329401e-01  1.244299e-01
4.199431e-01  1.255686e-01
4.070921e-01  1.265265e-01
3.943903e-01  1.272993e-01
3.818410e-01  1.278839e-01
3.694473e-01  1.282782e-01
3.572124e-01  1.284814e-01
3.451393e-01  1.284937e-01
3.332310e-01  1.283165e-01
3.214906e-01  1.279524e-01
3.099210e-01  1.274048e-01
2.985251e-01  1.266784e-01
2.873058e-01  1.257784e-01
2.762660e-01  1.247111e-01
2.654083e-01  1.234831e-01
2.547356e-01  1.221019e-01
2.442504e-01  1.205750e-01
2.339556e-01  1.189104e-01
2.238535e-01  1.171163e-01
2.139469e-01  1.152009e-01
2.042382e-01  1.131724e-01
1.947297e-01  1.110388e-01
1.854240e-01  1.088081e-01
1.763234e-01  1.064878e-01
1.674301e-01  1.040855e-01
1.587465e-01  1.016081e-01
1.502746e-01  9.906248e-02
1.420166e-01  9.645498e-02
1.339746e-01  9.379169e-02
1.261506e-01  9.107840e-02
1.185466e-01  8.832055e-02
1.111646e-01  8.552332e-02
1.040062e-01  8.269162e-02
9.707346e-02  7.983011e-02
9.036800e-02  7.694324e-02
8.389154e-02  7.403526e-02
7.764571e-02  7.111023e-02
7.163207e-02  6.817206e-02
6.585214e-02  6.522447e-02
6.030738e-02  6.227103e-02
5.499918e-02  5.931514e-02
4.992888e-02  5.636001e-02
4.509776e-02  5.340869e-02
4.050703e-02  5.046398e-02
3.615784e-02  4.752846e-02
3.205130e-02  4.460447e-02
2.818843e-02  4.169404e-02
2.457021e-02  3.879891e-02
2.119755e-02  3.592048e-02
1.807130e-02  3.305981e-02
1.519225e-02  3.021757e-02
1.256111e-02  2.739407e-02
1.017856e-02  2.458925e-02
8.045187e-03  2.180265e-02
6.161536e-03  1.903344e-02
4.528077e-03  1.628045e-02
3.145224e-03  1.354216e-02
2.013324e-03  1.081677e-02
1.132661e-03  8.102219e-03
5.034576e-04  5.396224e-03
1.258723e-04  2.696337e-03
0.000000e+00  0.000000e+00
1.258723e-04  -3.230545e-03
5.034576e-04  -6.460552e-03
1.132661e-03  -9.688577e-03
2.013324e-03  -1.291322e-02
3.145224e-03  -1.613316e-02
4.528077e-03  -1.934713e-02
6.161536e-03  -2.255400e-02
8.045187e-03  -2.575270e-02
1.017856e-02  -2.894229e-02
1.256111e-02  -3.212190e-02
1.519225e-02  -3.529076e-02
1.807130e-02  -3.844812e-02
2.119755e-02  -4.159330e-02
2.457021e-02  -4.472558e-02
2.818843e-02  -4.784421e-02
3.205130e-02  -5.094834e-02
3.615784e-02  -5.403698e-02
4.050703e-02  -5.710897e-02
4.509776e-02  -6.016289e-02
4.992888e-02  -6.319706e-02
5.499918e-02  -6.620947e-02
6.030738e-02  -6.919775e-02
6.585214e-02  -7.215913e-02
7.163207e-02  -7.509041e-02
7.764571e-02  -7.798797e-02
8.389154e-02  -8.084774e-02
9.036800e-02  -8.366520e-02
9.707346e-02  -8.643538e-02
1.040062e-01  -8.915292e-02
1.111646e-01  -9.181207e-02
1.185466e-01  -9.440670e-02
1.261506e-01  -9.693043e-02
1.339746e-01  -9.937657e-02
1.420166e-01  -1.017383e-01
1.502746e-01  -1.040085e-01
1.587465e-01  -1.061802e-01
1.674301e-01  -1.082462e-01
1.763234e-01  -1.101995e-01
1.854240e-01  -1.120330e-01
1.947297e-01  -1.137397e-01
2.042382e-01  -1.153130e-01
2.139469e-01  -1.167462e-01
2.238535e-01  -1.180328e-01
2.339556e-01  -1.191668e-01
2.442504e-01  -1.201420e-01
2.547356e-01  -1.209527e-01
2.654083e-01  -1.215930e-01
2.762660e-01  -1.220574e-01
2.873058e-01  -1.223405e-01
2.985251e-01  -1.224368e-01
3.099210e-01  -1.223410e-01
3.214906e-01  -1.220476e-01
3.332310e-01  -1.215514e-01
3.451393e-01  -1.208470e-01
3.572124e-01  -1.199289e-01
3.694473e-01  -1.187920e-01
3.818410e-01  -1.174310e-01
3.943903e-01  -1.158408e-01
4.070921e-01  -1.140169e-01
4.199431e-01  -1.119548e-01
4.329401e-01  -1.096508e-01
4.460799e-01  -1.071022e-01
4.593592e-01  -1.043069e-01
4.727745e-01  -1.012645e-01
4.863226e-01  -9.797570e-02
5.000000e-01  -9.444333e-02
5.138033e-01  -9.067219e-02
5.277289e-01  -8.666949e-02
5.417735e-01  -8.244510e-02
5.559334e-01  -7.801181e-02
5.702051e-01  -7.338557e-02
5.845850e-01  -6.858570e-02
5.990695e-01  -6.363498e-02
6.136549e-01  -5.855981e-02
6.283375e-01  -5.339014e-02
6.431138e-01  -4.815946e-02
6.579799e-01  -4.290461e-02
6.729320e-01  -3.766555e-02
6.879666e-01  -3.248497e-02
7.030796e-01  -2.740790e-02
7.182674e-01  -2.248110e-02
7.335262e-01  -1.775243e-02
7.488520e-01  -1.327013e-02
7.642411e-01  -9.082043e-03
7.796895e-01  -5.234700e-03
7.951933e-01  -1.772484e-03
8.107488e-01  1.263286e-03
8.263518e-01  3.835211e-03
8.419986e-01  5.910617e-03
8.576852e-01  7.462247e-03
8.734075e-01  8.468805e-03
8.891618e-01  8.915302e-03
9.049440e-01  8.793134e-03
9.207500e-01  8.099866e-03
9.365761e-01  6.838627e-03
9.524181e-01  5.017090e-03
9.682721e-01  2.645946e-03
9.841340e-01  -2.631663e-04
1.000000e+00  -3.700343e-03