1.000000e+00  9.082792e-03
9.841340e-01  1.377032e-02
9.682721e-01  1.814182e-02
9.524181e-01  2.229278e-02
9.365761e-01  2.629522e-02
9.207500e-01  3.020170e-02
9.049440e-01  3.404891e-02
8.891618e-01  3.786081e-02
8.734075e-01  4.165137e-02
8.576852e-01  4.542690e-02
8.419986e-01  4.918809e-02
8.263518e-01  5.293162e-02
8.107488e-01  5.665156e-02
7.951933e-01  6.034045e-02
7.796895e-01  6.399014e-02
7.642411e-01  6.759246e-02
7.488520e-01  7.113964e-02
7.335262e-01  7.462467e-02
7.182674e-01  7.804143e-02
7.030796e-01  8.138477e-02
6.879666e-01  8.465052e-02
6.729320e-01  8.783539e-02
6.579799e-01  9.093686e-02
6.431138e-01  9.395304e-02
6.283375e-01  9.688249e-02
6.136549e-01  9.972404e-02
5.990695e-01  1.024767e-01
5.845850e-01  1.051393e-01
5.702051e-01  1.077107e-01
5.559334e-01  1.101893e-01
5.417735e-01  1.125732e-01
5.277289e-01  1.148602e-01
5.138033e-01  1.170473e-01
5.000000e-01  1.191314e-01
4.863226e-01  1.211085e-01
4.727745e-01  1.229746e-01
4.593592e-01  1.247250e-01
4.460799e-01  1.263547e-01
4.329401e-01  1.278586e-01
4.199431e-01  1.292314e-01
4.070921e-01  1.304675e-01
3.943903e-01  1.315617e-01
3.818410e-01  1.325088e-01
3.694473e-01  1.333036e-01
3.572124e-01  1.339414e-01
3.451393e-01  1.344181e-01
3.332310e-01  1.347298e-01
3.214906e-01  1.348732e-01
3.099210e-01  1.348457e-01
2.985251e-01  1.346452e-01
2.873058e-01  1.342706e-01
2.762660e-01  1.337213e-01
2.654083e-01  1.329974e-01
2.547356e-01  1.320998e-01
2.442504e-01  1.310303e-01
2.339556e-01  1.297913e-01
2.238535e-01  1.283858e-01
2.139469e-01  1.268177e-01
2.042382e-01  1.250915e-01
1.947297e-01  1.232122e-01
1.854240e-01  1.211855e-01
1.763234e-01  1.190175e-01
1.674301e-01  1.167148e-01
1.587465e-01  1.142846e-01
1.502746e-01  1.117342e-01
1.420166e-01  1.090714e-01
1.339746e-01  1.063040e-01
1.261506e-01  1.034402e-01
1.185466e-01  1.004882e-01
1.111646e-01  9.745650e-02
1.040062e-01  9.435326e-02
9.707346e-02  9.118682e-02
9.036800e-02  8.796534e-02
8.389154e-02  8.469684e-02
7.764571e-02  8.138912e-02
7.163207e-02  7.804971e-02
6.585214e-02  7.468585e-02
6.030738e-02  7.130439e-02
5.499918e-02  6.791179e-02
4.992888e-02  6.451408e-02
4.509776e-02  6.111679e-02
4.050703e-02  5.772497e-02
3.615784e-02  5.434311e-02
3.205130e-02  5.097516e-02
2.818843e-02  4.762447e-02
2.457021e-02  4.429382e-02
2.119755e-02  4.098541e-02
1.807130e-02  3.770082e-02
1.519225e-02  3.444108e-02
1.256111e-02  3.120662e-02
1.017856e-02  2.799735e-02
8.045187e-03  2.481261e-02
6.161536e-03  2.165130e-02
4.528077e-03  1.851183e-02
3.145224e-03  1.539221e-02
2.013324e-03  1.229009e-02
1.132661e-03  9.202816e-03
5.034576e-04  6.127467e-03
1.258723e-04  3.060940e-03
0.000000e+00  0.000000e+00
1.258723e-04  -3.338344e-03
5.034576e-04  -6.684483e-03
1.132661e-03  -1.004388e-02
2.013324e-03  -1.342191e-02
3.145224e-03  -1.682380e-02
4.528077e-03  -2.025462e-02
6.161536e-03  -2.371919e-02
8.045187e-03  -2.722206e-02
1.017856e-02  -3.076745e-02
1.256111e-02  -3.435919e-02
1.519225e-02  -3.800068e-02
1.807130e-02  -4.169485e-02
2.119755e-02  -4.544404e-02
2.457021e-02  -4.925001e-02
2.818843e-02  -5.311384e-02
3.205130e-02  -5.703590e-02
3.615784e-02  -6.101575e-02
4.050703e-02  -6.505212e-02
4.509776e-02  -6.914283e-02
4.992888e-02  -7.328473e-02
5.499918e-02  -7.747368e-02
6.030738e-02  -8.170447e-02
6.585214e-02  -8.597079e-02
7.163207e-02  -9.026523e-02
7.764571e-02  -9.457920e-02
8.389154e-02  -9.890294e-02
9.036800e-02  -1.032255e-01
9.707346e-02  -1.075349e-01
1.040062e-01  -1.118179e-01
1.111646e-01  -1.160602e-01
1.185466e-01  -1.202464e-01
1.261506e-01  -1.243603e-01
1.339746e-01  -1.283847e-01
1.420166e-01  -1.323018e-01
1.502746e-01  -1.360929e-01
1.587465e-01  -1.397390e-01
1.674301e-01  -1.432209e-01
1.763234e-01  -1.465189e-01
1.854240e-01  -1.496137e-01
1.947297e-01  -1.524860e-01
2.042382e-01  -1.551171e-01
2.139469e-01  -1.574889e-01
2.238535e-01  -1.595842e-01
2.339556e-01  -1.613870e-01
2.442504e-01  -1.628826e-01
2.547356e-01  -1.640577e-01
2.654083e-01  -1.649009e-01
2.762660e-01  -1.654028e-01
2.873058e-01  -1.655558e-01
2.985251e-01  -1.653548e-01
3.099210e-01  -1.647968e-01
3.214906e-01  -1.638814e-01
3.332310e-01  -1.626106e-01
3.451393e-01  -1.609886e-01
3.572124e-01  -1.590224e-01
3.694473e-01  -1.567209e-01
3.818410e-01  -1.540957e-01
3.943903e-01  -1.511600e-01
4.070921e-01  -1.479292e-01
4.199431e-01  -1.444202e-01
4.329401e-01  -1.406515e-01
4.460799e-01  -1.366424e-01
4.593592e-01  -1.324135e-01
4.727745e-01  -1.279856e-01
4.863226e-01  -1.233800e-01
5.000000e-01  -1.186177e-01
5.138033e-01  -1.137198e-01
5.277289e-01  -1.087066e-01
5.417735e-01  -1.035978e-01
5.559334e-01  -9.841201e-02
5.702051e-01  -9.316713e-02
5.845850e-01  -8.787991e-02
5.990695e-01  -8.256613e-02
6.136549e-01  -7.724074e-02
6.283375e-01  -7.191800e-02
6.431138e-01  -6.661180e-02
6.579799e-01  -6.133599e-02
6.729320e-01  -5.610484e-02
6.879666e-01  -5.093350e-02
7.030796e-01  -4.583856e-02
7.182674e-01  -4.083866e-02
7.335262e-01  -3.595505e-02
7.488520e-01  -3.121220e-02
7.642411e-01  -2.663837e-02
7.796895e-01  -2.226603e-02
7.951933e-01  -1.813230e-02
8.107488e-01  -1.427907e-02
8.263518e-01  -1.075309e-02
8.419986e-01  -7.605644e-03
8.576852e-01  -4.892038e-03
8.734075e-01  -2.670657e-03
8.891618e-01  -1.001621e-03
9.049440e-01  5.504868e-05
9.207500e-01  4.417974e-04
9.365761e-01  1.065165e-04
9.524181e-01  -9.938262e-04
9.682721e-01  -2.888842e-03
9.841340e-01  -5.589615e-03
1.000000e+00  -9.082792e-03