1.000000e+00  1.290000e-03
9.841340e-01  3.063050e-03
9.682721e-01  5.048101e-03
9.524181e-01  7.220728e-03
9.365761e-01  9.557052e-03
9.207500e-01  1.203526e-02
9.049440e-01  1.463640e-02
8.891618e-01  1.734459e-02
8.734075e-01  2.014690e-02
8.576852e-01  2.303295e-02
8.419986e-01  2.599438e-02
8.263518e-01  2.902430e-02
8.107488e-01  3.211668e-02
7.951933e-01  3.526589e-02
7.796895e-01  3.846625e-02
7.642411e-01  4.171168e-02
7.488520e-01  4.499551e-02
7.335262e-01  4.831028e-02
7.182674e-01  5.164774e-02
7.030796e-01  5.499881e-02
6.879666e-01  5.835370e-02
6.729320e-01  6.170199e-02
6.579799e-01  6.503274e-02
6.431138e-01  6.833469e-02
6.283375e-01  7.159639e-02
6.136549e-01  7.480631e-02
5.990695e-01  7.795304e-02
5.845850e-01  8.102532e-02
5.702051e-01  8.401220e-02
5.559334e-01  8.690311e-02
5.417735e-01  8.968788e-02
5.277289e-01  9.235683e-02
5.138033e-01  9.490081e-02
5.000000e-01  9.731119e-02
4.863226e-01  9.957994e-02
4.727745e-01  1.016996e-01
4.593592e-01  1.036634e-01
4.460799e-01  1.054651e-01
4.329401e-01  1.070992e-01
4.199431e-01  1.085611e-01
4.070921e-01  1.098467e-01
3.943903e-01  1.109528e-01
3.818410e-01  1.118772e-01
3.694473e-01  1.126182e-01
3.572124e-01  1.131754e-01
3.451393e-01  1.135489e-01
3.332310e-01  1.137402e-01
3.214906e-01  1.137512e-01
3.099210e-01  1.135851e-01
2.985251e-01  1.132455e-01
2.873058e-01  1.127371e-01
2.762660e-01  1.120652e-01
2.654083e-01  1.112357e-01
2.547356e-01  1.102549e-01
2.442504e-01  1.091298e-01
2.339556e-01  1.078673e-01
2.238535e-01  1.064747e-01
2.139469e-01  1.049594e-01
2.042382e-01  1.033287e-01
1.947297e-01  1.015898e-01
1.854240e-01  9.974964e-02
1.763234e-01  9.781489e-02
1.674301e-01  9.579192e-02
1.587465e-01  9.368675e-02
1.502746e-01  9.150501e-02
1.420166e-01  8.925197e-02
1.339746e-01  8.693256e-02
1.261506e-01  8.455143e-02
1.185466e-01  8.211294e-02
1.111646e-01  7.962128e-02
1.040062e-01  7.708050e-02
9.707346e-02  7.449459e-02
9.036800e-02  7.186752e-02
8.389154e-02  6.920334e-02
7.764571e-02  6.650618e-02
7.163207e-02  6.378032e-02
6.585214e-02  6.103018e-02
6.030738e-02  5.826035e-02
5.499918e-02  5.547557e-02
4.992888e-02  5.268067e-02
4.509776e-02  4.988056e-02
4.050703e-02  4.708013e-02
3.615784e-02  4.428422e-02
3.205130e-02  4.149747e-02
2.818843e-02  3.872426e-02
2.457021e-02  3.596861e-02
2.119755e-02  3.323409e-02
1.807130e-02  3.052370e-02
1.519225e-02  2.783982e-02
1.256111e-02  2.518412e-02
1.017856e-02  2.255752e-02
8.045187e-03  1.996013e-02
6.161536e-03  1.739130e-02
4.528077e-03  1.484955e-02
3.145224e-03  1.233267e-02
2.013324e-03  9.837751e-03
1.132661e-03  7.361263e-03
5.034576e-04  4.899158e-03
1.258723e-04  2.446980e-03
0.000000e+00  0.000000e+00
1.258723e-04  -2.042662e-03
5.034576e-04  -4.087649e-03
1.132661e-03  -6.136956e-03
2.013324e-03  -8.192571e-03
3.145224e-03  -1.025646e-02
4.528077e-03  -1.233057e-02
6.161536e-03  -1.441679e-02
8.045187e-03  -1.651695e-02
1.017856e-02  -1.863277e-02
1.256111e-02  -2.076584e-02
1.519225e-02  -2.291761e-02
1.807130e-02  -2.508926e-02
2.119755e-02  -2.728176e-02
2.457021e-02  -2.949573e-02
2.818843e-02  -3.173146e-02
3.205130e-02  -3.398881e-02
3.615784e-02  -3.626721e-02
4.050703e-02  -3.856559e-02
4.509776e-02  -4.088238e-02
4.992888e-02  -4.321546e-02
5.499918e-02  -4.556217e-02
6.030738e-02  -4.791932e-02
6.585214e-02  -5.028317e-02
7.163207e-02  -5.264950e-02
7.764571e-02  -5.501358e-02
8.389154e-02  -5.737031e-02
9.036800e-02  -5.971418e-02
9.707346e-02  -6.203939e-02
1.040062e-01  -6.433988e-02
1.111646e-01  -6.660943e-02
1.185466e-01  -6.884171e-02
1.261506e-01  -7.103031e-02
1.339746e-01  -7.316888e-02
1.420166e-01  -7.525109e-02
1.502746e-01  -7.727072e-02
1.587465e-01  -7.922169e-02
1.674301e-01  -8.109806e-02
1.763234e-01  -8.289407e-02
1.854240e-01  -8.460407e-02
1.947297e-01  -8.622260e-02
2.042382e-01  -8.774429e-02
2.139469e-01  -8.916386e-02
2.238535e-01  -9.047610e-02
2.339556e-01  -9.167581e-02
2.442504e-01  -9.275778e-02
2.547356e-01  -9.371678e-02
2.654083e-01  -9.454750e-02
2.762660e-01  -9.524458e-02
2.873058e-01  -9.580260e-02
2.985251e-01  -9.621607e-02
3.099210e-01  -9.647951e-02
3.214906e-01  -9.658747e-02
3.332310e-01  -9.653459e-02
3.451393e-01  -9.631570e-02
3.572124e-01  -9.592589e-02
3.694473e-01  -9.536063e-02
3.818410e-01  -9.461586e-02
3.943903e-01  -9.368814e-02
4.070921e-01  -9.257472e-02
4.199431e-01  -9.127372e-02
4.329401e-01  -8.978418e-02
4.460799e-01  -8.810622e-02
4.593592e-01  -8.624109e-02
4.727745e-01  -8.419130e-02
4.863226e-01  -8.196069e-02
5.000000e-01  -7.955445e-02
5.138033e-01  -7.697925e-02
5.277289e-01  -7.424321e-02
5.417735e-01  -7.135598e-02
5.559334e-01  -6.832873e-02
5.702051e-01  -6.517421e-02
5.845850e-01  -6.190670e-02
5.990695e-01  -5.854202e-02
6.136549e-01  -5.509755e-02
6.283375e-01  -5.159214e-02
6.431138e-01  -4.804608e-02
6.579799e-01  -4.448101e-02
6.729320e-01  -4.091979e-02
6.879666e-01  -3.738632e-02
7.030796e-01  -3.390532e-02
7.182674e-01  -3.050197e-02
7.335262e-01  -2.720160e-02
7.488520e-01  -2.402915e-02
7.642411e-01  -2.100862e-02
7.796895e-01  -1.816244e-02
7.951933e-01  -1.551075e-02
8.107488e-01  -1.307065e-02
8.263518e-01  -1.085546e-02
8.419986e-01  -8.874108e-03
8.576852e-01  -7.130580e-03
8.734075e-01  -5.623794e-03
8.891618e-01  -4.347834e-03
9.049440e-01  -3.292864e-03
9.207500e-01  -2.446902e-03
9.365761e-01  -1.798755e-03
9.524181e-01  -1.342423e-03
9.682721e-01  -1.083356e-03
9.841340e-01  -1.046985e-03
1.000000e+00  -1.290000e-03