N3-T140
  1.000000e+00    4.988932e-04
  9.916390e-01    1.863999e-03
  9.802755e-01    3.705917e-03
  9.671078e-01    5.804988e-03
  9.524630e-01    8.102432e-03
  9.368338e-01    1.053919e-02
  9.206892e-01    1.309229e-02
  9.042711e-01    1.574748e-02
  8.876800e-01    1.848386e-02
  8.709641e-01    2.127981e-02
  8.541653e-01    2.411052e-02
  8.373487e-01    2.694613e-02
  8.205795e-01    2.975658e-02
  8.038854e-01    3.251973e-02
  7.872714e-01    3.521871e-02
  7.707314e-01    3.784063e-02
  7.542540e-01    4.037547e-02
  7.378249e-01    4.281604e-02
  7.214305e-01    4.515796e-02
  7.050601e-01    4.739806e-02
  6.887050e-01    4.953415e-02
  6.723589e-01    5.156464e-02
  6.560168e-01    5.348825e-02
  6.396745e-01    5.530431e-02
  6.233290e-01    5.701244e-02
  6.069779e-01    5.861244e-02
  5.906190e-01    6.010459e-02
  5.742513e-01    6.148925e-02
  5.578738e-01    6.276684e-02
  5.414858e-01    6.393814e-02
  5.250875e-01    6.500380e-02
  5.086787e-01    6.596445e-02
  4.922598e-01    6.682107e-02
  4.758318e-01    6.757430e-02
  4.593952e-01    6.822483e-02
  4.429513e-01    6.877349e-02
  4.265021e-01    6.922068e-02
  4.100492e-01    6.956675e-02
  3.935949e-01    6.981205e-02
  3.771426e-01    6.995633e-02
  3.606949e-01    6.999922e-02
  3.442563e-01    6.994014e-02
  3.278316e-01    6.977767e-02
  3.114258e-01    6.951022e-02
  2.950462e-01    6.913556e-02
  2.787002e-01    6.865047e-02
  2.623971e-01    6.805144e-02
  2.461486e-01    6.733373e-02
  2.299684e-01    6.649187e-02
  2.138758e-01    6.551983e-02
  1.978963e-01    6.441012e-02
  1.820650e-01    6.315463e-02
  1.664309e-01    6.174398e-02
  1.510607e-01    6.016890e-02
  1.360474e-01    5.842171e-02
  1.215175e-01    5.649981e-02
  1.076342e-01    5.440510e-02
  9.456862e-02    5.213978e-02
  8.247292e-02    4.971903e-02
  7.146560e-02    4.717663e-02
  6.161375e-02    4.456512e-02
  5.292305e-02    4.194243e-02
  4.533501e-02    3.935381e-02
  3.874410e-02    3.682618e-02
  3.302400e-02    3.436946e-02
  2.804904e-02    3.198238e-02
  2.370657e-02    2.965746e-02
  1.990134e-02    2.738467e-02
  1.655531e-02    2.515406e-02
  1.360626e-02    2.295606e-02
  1.100642e-02    2.077972e-02
  8.720838e-03    1.861246e-02
  6.724990e-03    1.644216e-02
  5.002306e-03    1.425993e-02
  3.542245e-03    1.206148e-02
  2.339184e-03    9.847547e-03
  1.390452e-03    7.624000e-03
  6.938695e-04    5.404071e-03
  2.427919e-04    3.203361e-03
  2.634680e-05    1.050475e-03
  2.634405e-05   -1.050475e-03
  2.427835e-04   -3.203362e-03
  6.938555e-04   -5.404073e-03
  1.390432e-03   -7.624004e-03
  2.339158e-03   -9.847554e-03
  3.542214e-03   -1.206149e-02
  5.002268e-03   -1.425995e-02
  6.724947e-03   -1.644218e-02
  8.720790e-03   -1.861248e-02
  1.100637e-02   -2.077975e-02
  1.360620e-02   -2.295609e-02
  1.655525e-02   -2.515410e-02
  1.990126e-02   -2.738472e-02
  2.370649e-02   -2.965753e-02
  2.804895e-02   -3.198245e-02
  3.302390e-02   -3.436955e-02
  3.874400e-02   -3.682628e-02
  4.533490e-02   -3.935393e-02
  5.292293e-02   -4.194256e-02
  6.161363e-02   -4.456528e-02
  7.146548e-02   -4.717682e-02
  8.247278e-02   -4.971925e-02
  9.456848e-02   -5.214002e-02
  1.076341e-01   -5.440539e-02
  1.215174e-01   -5.650013e-02
  1.360473e-01   -5.842207e-02
  1.510605e-01   -6.016929e-02
  1.664308e-01   -6.174441e-02
  1.820649e-01   -6.315511e-02
  1.978961e-01   -6.441063e-02
  2.138756e-01   -6.552039e-02
  2.299683e-01   -6.649247e-02
  2.461484e-01   -6.733437e-02
  2.623969e-01   -6.805212e-02
  2.787001e-01   -6.865120e-02
  2.950461e-01   -6.913633e-02
  3.114257e-01   -6.951104e-02
  3.278314e-01   -6.977852e-02
  3.442562e-01   -6.994104e-02
  3.606948e-01   -7.000016e-02
  3.771424e-01   -6.995731e-02
  3.935948e-01   -6.981308e-02
  4.100490e-01   -6.956782e-02
  4.265020e-01   -6.922179e-02
  4.429512e-01   -6.877465e-02
  4.593950e-01   -6.822603e-02
  4.758316e-01   -6.757555e-02
  4.922597e-01   -6.682235e-02
  5.086786e-01   -6.596578e-02
  5.250873e-01   -6.500517e-02
  5.414856e-01   -6.393956e-02
  5.578737e-01   -6.276829e-02
  5.742512e-01   -6.149075e-02
  5.906189e-01   -6.010613e-02
  6.069778e-01   -5.861402e-02
  6.233289e-01   -5.701407e-02
  6.396744e-01   -5.530598e-02
  6.560167e-01   -5.348996e-02
  6.723588e-01   -5.156640e-02
  6.887049e-01   -4.953595e-02
  7.050600e-01   -4.739990e-02
  7.214304e-01   -4.515984e-02
  7.378248e-01   -4.281797e-02
  7.542539e-01   -4.037744e-02
  7.707313e-01   -3.784265e-02
  7.872713e-01   -3.522077e-02
  8.038854e-01   -3.252182e-02
  8.205795e-01   -2.975871e-02
  8.373486e-01   -2.694832e-02
  8.541653e-01   -2.411275e-02
  8.709641e-01   -2.128208e-02
  8.876800e-01   -1.848618e-02
  9.042711e-01   -1.574983e-02
  9.206891e-01   -1.309471e-02
  9.368338e-01   -1.054164e-02
  9.524630e-01   -8.104919e-03
  9.671078e-01   -5.807515e-03
  9.802755e-01   -3.708479e-03
  9.916390e-01   -1.866591e-03
  1.000000e+00   -5.015075e-04
