N3-T100
  1.000000e+00    4.986928e-04
  9.916390e-01    1.472186e-03
  9.802755e-01    2.785696e-03
  9.671078e-01    4.282556e-03
  9.524630e-01    5.920843e-03
  9.368338e-01    7.658461e-03
  9.206892e-01    9.479073e-03
  9.042711e-01    1.137253e-02
  8.876800e-01    1.332395e-02
  8.709641e-01    1.531787e-02
  8.541653e-01    1.733661e-02
  8.373487e-01    1.935883e-02
  8.205795e-01    2.136310e-02
  8.038854e-01    2.333361e-02
  7.872714e-01    2.525832e-02
  7.707314e-01    2.712801e-02
  7.542540e-01    2.893553e-02
  7.378249e-01    3.067576e-02
  7.214305e-01    3.234555e-02
  7.050601e-01    3.394265e-02
  6.887050e-01    3.546549e-02
  6.723589e-01    3.691293e-02
  6.560168e-01    3.828406e-02
  6.396745e-01    3.957840e-02
  6.233290e-01    4.079567e-02
  6.069779e-01    4.193574e-02
  5.906190e-01    4.299881e-02
  5.742513e-01    4.398512e-02
  5.578738e-01    4.489498e-02
  5.414858e-01    4.572896e-02
  5.250875e-01    4.648750e-02
  5.086787e-01    4.717107e-02
  4.922598e-01    4.778035e-02
  4.758318e-01    4.831582e-02
  4.593952e-01    4.877796e-02
  4.429513e-01    4.916736e-02
  4.265021e-01    4.948430e-02
  4.100492e-01    4.972905e-02
  3.935949e-01    4.990185e-02
  3.771426e-01    5.000252e-02
  3.606949e-01    5.003080e-02
  3.442563e-01    4.998628e-02
  3.278316e-01    4.986793e-02
  3.114258e-01    4.967464e-02
  2.950462e-01    4.940480e-02
  2.787002e-01    4.905611e-02
  2.623971e-01    4.862608e-02
  2.461486e-01    4.811133e-02
  2.299684e-01    4.750793e-02
  2.138758e-01    4.681160e-02
  1.978963e-01    4.601699e-02
  1.820650e-01    4.511832e-02
  1.664309e-01    4.410888e-02
  1.510607e-01    4.298209e-02
  1.360474e-01    4.173246e-02
  1.215175e-01    4.035815e-02
  1.076342e-01    3.886056e-02
  9.456860e-02    3.724125e-02
  8.247290e-02    3.551112e-02
  7.146558e-02    3.369428e-02
  6.161373e-02    3.182826e-02
  5.292303e-02    2.995442e-02
  4.533499e-02    2.810506e-02
  3.874408e-02    2.629940e-02
  3.302398e-02    2.454449e-02
  2.804902e-02    2.283940e-02
  2.370655e-02    2.117879e-02
  1.990132e-02    1.955548e-02
  1.655531e-02    1.796235e-02
  1.360626e-02    1.639256e-02
  1.100642e-02    1.483828e-02
  8.720832e-03    1.329053e-02
  6.724984e-03    1.174065e-02
  5.002300e-03    1.018230e-02
  3.542241e-03    8.612393e-03
  2.339180e-03    7.031478e-03
  1.390450e-03    5.443731e-03
  6.938675e-04    3.858603e-03
  2.427907e-04    2.287233e-03
  2.634640e-05    7.500421e-04
  2.634445e-05   -7.500426e-04
  2.427847e-04   -2.287234e-03
  6.938575e-04   -3.858605e-03
  1.390434e-03   -5.443735e-03
  2.339162e-03   -7.031484e-03
  3.542218e-03   -8.612403e-03
  5.002274e-03   -1.018231e-02
  6.724953e-03   -1.174067e-02
  8.720796e-03   -1.329055e-02
  1.100637e-02   -1.483831e-02
  1.360620e-02   -1.639259e-02
  1.655525e-02   -1.796239e-02
  1.990128e-02   -1.955553e-02
  2.370651e-02   -2.117886e-02
  2.804897e-02   -2.283947e-02
  3.302392e-02   -2.454457e-02
  3.874402e-02   -2.629950e-02
  4.533492e-02   -2.810518e-02
  5.292295e-02   -2.995455e-02
  6.161365e-02   -3.182842e-02
  7.146550e-02   -3.369446e-02
  8.247280e-02   -3.551133e-02
  9.456850e-02   -3.724150e-02
  1.076341e-01   -3.886084e-02
  1.215174e-01   -4.035847e-02
  1.360473e-01   -4.173282e-02
  1.510605e-01   -4.298248e-02
  1.664308e-01   -4.410932e-02
  1.820649e-01   -4.511879e-02
  1.978961e-01   -4.601751e-02
  2.138756e-01   -4.681216e-02
  2.299683e-01   -4.750853e-02
  2.461484e-01   -4.811197e-02
  2.623969e-01   -4.862677e-02
  2.787001e-01   -4.905684e-02
  2.950461e-01   -4.940557e-02
  3.114257e-01   -4.967546e-02
  3.278314e-01   -4.986879e-02
  3.442562e-01   -4.998718e-02
  3.606948e-01   -5.003175e-02
  3.771424e-01   -5.000351e-02
  3.935948e-01   -4.990288e-02
  4.100490e-01   -4.973013e-02
  4.265020e-01   -4.948542e-02
  4.429512e-01   -4.916851e-02
  4.593950e-01   -4.877916e-02
  4.758316e-01   -4.831706e-02
  4.922597e-01   -4.778164e-02
  5.086786e-01   -4.717240e-02
  5.250873e-01   -4.648887e-02
  5.414856e-01   -4.573038e-02
  5.578737e-01   -4.489644e-02
  5.742512e-01   -4.398662e-02
  5.906189e-01   -4.300035e-02
  6.069778e-01   -4.193732e-02
  6.233289e-01   -4.079730e-02
  6.396744e-01   -3.958007e-02
  6.560167e-01   -3.828577e-02
  6.723588e-01   -3.691469e-02
  6.887049e-01   -3.546729e-02
  7.050600e-01   -3.394449e-02
  7.214304e-01   -3.234744e-02
  7.378248e-01   -3.067769e-02
  7.542539e-01   -2.893751e-02
  7.707313e-01   -2.713003e-02
  7.872713e-01   -2.526038e-02
  8.038854e-01   -2.333571e-02
  8.205795e-01   -2.136524e-02
  8.373486e-01   -1.936102e-02
  8.541653e-01   -1.733883e-02
  8.709641e-01   -1.532014e-02
  8.876800e-01   -1.332627e-02
  9.042711e-01   -1.137489e-02
  9.206891e-01   -9.481488e-03
  9.368338e-01   -7.660908e-03
  9.524630e-01   -5.923331e-03
  9.671078e-01   -4.285083e-03
  9.802755e-01   -2.788258e-03
  9.916390e-01   -1.474778e-03
  1.000000e+00   -5.013072e-04
