NC090
  1.000000e+00    6.039768e-17
  9.965295e-01    1.262258e-03
  9.921170e-01    2.785780e-03
  9.872258e-01    4.409521e-03
  9.818626e-01    6.147995e-03
  9.760580e-01    7.985871e-03
  9.698675e-01    9.902057e-03
  9.633616e-01    1.187206e-02
  9.566148e-01    1.386731e-02
  9.496928e-01    1.585677e-02
  9.426417e-01    1.781840e-02
  9.354941e-01    1.973307e-02
  9.282648e-01    2.159042e-02
  9.209632e-01    2.338537e-02
  9.135954e-01    2.511553e-02
  9.061629e-01    2.677845e-02
  8.986647e-01    2.837532e-02
  8.911004e-01    2.990737e-02
  8.834689e-01    3.137704e-02
  8.757740e-01    3.278875e-02
  8.680159e-01    3.414291e-02
  8.601975e-01    3.544426e-02
  8.523237e-01    3.669416e-02
  8.443987e-01    3.789491e-02
  8.364268e-01    3.904831e-02
  8.284111e-01    4.015583e-02
  8.203550e-01    4.121951e-02
  8.122615e-01    4.224083e-02
  8.041341e-01    4.322198e-02
  7.959764e-01    4.416432e-02
  7.877916e-01    4.506934e-02
  7.795828e-01    4.593809e-02
  7.713524e-01    4.677156e-02
  7.631026e-01    4.757076e-02
  7.548352e-01    4.833658e-02
  7.465519e-01    4.906988e-02
  7.382537e-01    4.977145e-02
  7.299420e-01    5.044211e-02
  7.216178e-01    5.108252e-02
  7.132819e-01    5.169341e-02
  7.049350e-01    5.227538e-02
  6.965780e-01    5.282905e-02
  6.882114e-01    5.335498e-02
  6.798357e-01    5.385373e-02
  6.714516e-01    5.432580e-02
  6.630595e-01    5.477167e-02
  6.546597e-01    5.519186e-02
  6.462528e-01    5.558679e-02
  6.378390e-01    5.595692e-02
  6.294188e-01    5.630265e-02
  6.209924e-01    5.662444e-02
  6.125604e-01    5.692261e-02
  6.041228e-01    5.719759e-02
  5.956800e-01    5.744969e-02
  5.872325e-01    5.767928e-02
  5.787803e-01    5.788664e-02
  5.703238e-01    5.807207e-02
  5.618633e-01    5.823586e-02
  5.533988e-01    5.837827e-02
  5.449308e-01    5.849952e-02
  5.364591e-01    5.859981e-02
  5.279844e-01    5.867937e-02
  5.195065e-01    5.873835e-02
  5.110258e-01    5.877696e-02
  5.025424e-01    5.879532e-02
  4.940564e-01    5.879362e-02
  4.855682e-01    5.877196e-02
  4.770777e-01    5.873051e-02
  4.685853e-01    5.866935e-02
  4.600911e-01    5.858861e-02
  4.515951e-01    5.848838e-02
  4.430976e-01    5.836877e-02
  4.345987e-01    5.822986e-02
  4.260983e-01    5.807174e-02
  4.175967e-01    5.789446e-02
  4.090936e-01    5.769801e-02
  4.005883e-01    5.748189e-02
  3.920785e-01    5.724842e-02
  3.835700e-01    5.699597e-02
  3.750594e-01    5.672547e-02
  3.665501e-01    5.643855e-02
  3.580469e-01    5.613203e-02
  3.495424e-01    5.580742e-02
  3.410439e-01    5.546431e-02
  3.325501e-01    5.510280e-02
  3.240601e-01    5.472094e-02
  3.155743e-01    5.432071e-02
  3.070950e-01    5.390058e-02
  2.986216e-01    5.346048e-02
  2.901567e-01    5.300035e-02
  2.816976e-01    5.251896e-02
  2.732482e-01    5.201651e-02
  2.648066e-01    5.149208e-02
  2.563745e-01    5.094624e-02
  2.479538e-01    5.037748e-02
  2.395479e-01    4.978638e-02
  2.311552e-01    4.917068e-02
  2.227789e-01    4.853011e-02
  2.144183e-01    4.786438e-02
  2.060778e-01    4.717258e-02
  1.977590e-01    4.645388e-02
  1.894634e-01    4.570691e-02
  1.811942e-01    4.493081e-02
  1.729536e-01    4.412492e-02
  1.647448e-01    4.328862e-02
  1.565736e-01    4.241957e-02
  1.484442e-01    4.151922e-02
  1.403643e-01    4.058429e-02
  1.323411e-01    3.961563e-02
  1.243866e-01    3.861134e-02
  1.165113e-01    3.757222e-02
  1.087378e-01    3.649823e-02
  1.010872e-01    3.539131e-02
  9.359138e-02    3.425139e-02
  8.628303e-02    3.308370e-02
  7.921183e-02    3.189368e-02
  7.242450e-02    3.068790e-02
  6.597123e-02    2.947668e-02
  5.990243e-02    2.827458e-02
  5.425923e-02    2.709336e-02
  4.906467e-02    2.594269e-02
  4.432230e-02    2.483048e-02
  4.001834e-02    2.376243e-02
  3.612533e-02    2.274249e-02
  3.260818e-02    2.176993e-02
  2.942920e-02    2.084218e-02
  2.655051e-02    1.995676e-02
  2.393605e-02    1.910941e-02
  2.155312e-02    1.829518e-02
  1.937333e-02    1.750906e-02
  1.737254e-02    1.674547e-02
  1.553070e-02    1.599782e-02
  1.383089e-02    1.525961e-02
  1.225935e-02    1.452366e-02
  1.080435e-02    1.378447e-02
  9.456074e-03    1.303816e-02
  8.205348e-03    1.228394e-02
  7.044124e-03    1.152178e-02
  5.965751e-03    1.075200e-02
  4.968390e-03    9.971801e-03
  4.056612e-03    9.171444e-03
  3.227557e-03    8.349474e-03
  2.477356e-03    7.509830e-03
  1.825264e-03    6.641053e-03
  1.287142e-03    5.734841e-03
  8.568438e-04    4.802825e-03
  5.265741e-04    3.856588e-03
  2.871525e-04    2.904837e-03
  1.267795e-04    1.955672e-03
  3.433625e-05    1.016610e-03
  2.619482e-07    8.763019e-05
  2.545702e-05   -8.371184e-04
  1.212631e-04   -1.762724e-03
  3.043472e-04   -2.685806e-03
  5.823548e-04   -3.598432e-03
  9.535083e-04   -4.492604e-03
  1.430353e-03   -5.354690e-03
  2.031089e-03   -6.161695e-03
  2.771531e-03   -6.883248e-03
  3.642332e-03   -7.505541e-03
  4.623251e-03   -8.034443e-03
  5.690981e-03   -8.499624e-03
  6.834931e-03   -8.922930e-03
  8.053774e-03   -9.319594e-03
  9.350234e-03   -9.701420e-03
  1.073017e-02   -1.007610e-02
  1.220338e-02   -1.044701e-02
  1.378175e-02   -1.081799e-02
  1.547823e-02   -1.119381e-02
  1.730932e-02   -1.157622e-02
  1.929501e-02   -1.196792e-02
  2.145836e-02   -1.237276e-02
  2.382635e-02   -1.279326e-02
  2.643135e-02   -1.323209e-02
  2.931333e-02   -1.369101e-02
  3.251743e-02   -1.417382e-02
  3.609042e-02   -1.468458e-02
  4.008141e-02   -1.522360e-02
  4.453894e-02   -1.579165e-02
  4.950295e-02   -1.638764e-02
  5.499468e-02   -1.700903e-02
  6.100686e-02   -1.764878e-02
  6.750636e-02   -1.829687e-02
  7.443574e-02   -1.894494e-02
  8.172350e-02   -1.958416e-02
  8.929712e-02   -2.020724e-02
  9.709610e-02   -2.081209e-02
  1.050619e-01   -2.139400e-02
  1.131578e-01   -2.195405e-02
  1.213505e-01   -2.249060e-02
  1.296182e-01   -2.300378e-02
  1.379445e-01   -2.349571e-02
  1.463168e-01   -2.396664e-02
  1.547255e-01   -2.441900e-02
  1.631655e-01   -2.485279e-02
  1.716262e-01   -2.527123e-02
  1.801076e-01   -2.567269e-02
  1.886036e-01   -2.606078e-02
  1.971136e-01   -2.643413e-02
  2.056330e-01   -2.679507e-02
  2.141596e-01   -2.714415e-02
  2.226920e-01   -2.748116e-02
  2.312291e-01   -2.780599e-02
  2.397686e-01   -2.812171e-02
  2.483106e-01   -2.842546e-02
  2.568529e-01   -2.871854e-02
  2.653938e-01   -2.900099e-02
  2.739307e-01   -2.927153e-02
  2.824660e-01   -2.953186e-02
  2.909935e-01   -2.977897e-02
  2.995181e-01   -3.001542e-02
  3.080349e-01   -3.023962e-02
  3.165440e-01   -3.045075e-02
  3.250441e-01   -3.064853e-02
  3.335399e-01   -3.083231e-02
  3.420248e-01   -3.100356e-02
  3.504961e-01   -3.116031e-02
  3.589528e-01   -3.130151e-02
  3.673950e-01   -3.142508e-02
  3.758235e-01   -3.152996e-02
  3.842400e-01   -3.161669e-02
  3.926414e-01   -3.168464e-02
  4.010278e-01   -3.173041e-02
  4.093996e-01   -3.175531e-02
  4.177619e-01   -3.175680e-02
  4.261099e-01   -3.173611e-02
  4.344470e-01   -3.169038e-02
  4.427744e-01   -3.162162e-02
  4.510902e-01   -3.152728e-02
  4.593947e-01   -3.140795e-02
  4.676889e-01   -3.126435e-02
  4.759710e-01   -3.109580e-02
  4.842428e-01   -3.090215e-02
  4.924999e-01   -3.068309e-02
  5.007401e-01   -3.043816e-02
  5.089632e-01   -3.016621e-02
  5.171678e-01   -2.986582e-02
  5.253546e-01   -2.953755e-02
  5.335213e-01   -2.917852e-02
  5.416695e-01   -2.878934e-02
  5.498031e-01   -2.836753e-02
  5.579203e-01   -2.791342e-02
  5.660259e-01   -2.742333e-02
  5.741247e-01   -2.689900e-02
  5.822171e-01   -2.633796e-02
  5.903085e-01   -2.573913e-02
  5.984065e-01   -2.510184e-02
  6.065132e-01   -2.442626e-02
  6.146364e-01   -2.371279e-02
  6.227760e-01   -2.296016e-02
  6.309396e-01   -2.217014e-02
  6.391257e-01   -2.134239e-02
  6.473419e-01   -2.047638e-02
  6.555867e-01   -1.957357e-02
  6.638664e-01   -1.863432e-02
  6.721796e-01   -1.766053e-02
  6.805325e-01   -1.665485e-02
  6.889256e-01   -1.561351e-02
  6.973592e-01   -1.454549e-02
  7.058338e-01   -1.344934e-02
  7.143487e-01   -1.233183e-02
  7.229027e-01   -1.119339e-02
  7.314857e-01   -1.004353e-02
  7.400811e-01   -8.883755e-03
  7.486750e-01   -7.723364e-03
  7.572498e-01   -6.567125e-03
  7.657979e-01   -5.420981e-03
  7.743111e-01   -4.286568e-03
  7.827823e-01   -3.168118e-03
  7.912053e-01   -2.070211e-03
  7.995732e-01   -9.948508e-04
  8.078740e-01    5.102773e-05
  8.160955e-01    1.063246e-03
  8.242256e-01    2.029355e-03
  8.322684e-01    2.943692e-03
  8.402173e-01    3.798977e-03
  8.480775e-01    4.586730e-03
  8.558513e-01    5.304238e-03
  8.635397e-01    5.945333e-03
  8.711428e-01    6.504373e-03
  8.786665e-01    6.978000e-03
  8.861105e-01    7.362951e-03
  8.934761e-01    7.655201e-03
  9.007652e-01    7.851645e-03
  9.079795e-01    7.949435e-03
  9.151219e-01    7.948160e-03
  9.221885e-01    7.844791e-03
  9.291838e-01    7.636417e-03
  9.361068e-01    7.325682e-03
  9.429563e-01    6.911464e-03
  9.497257e-01    6.402219e-03
  9.563930e-01    5.804822e-03
  9.629276e-01    5.131625e-03
  9.692822e-01    4.398789e-03
  9.754015e-01    3.623204e-03
  9.812227e-01    2.829086e-03
  9.866820e-01    2.038621e-03
  9.917319e-01    1.273381e-03
  9.963485e-01    5.598923e-04
  1.000000e+00    6.039768e-17
