NC145
  1.000027e+00    5.598459e-05
  9.962091e-01    1.803664e-03
  9.915359e-01    3.847025e-03
  9.865767e-01    5.900494e-03
  9.813395e-01    7.944677e-03
  9.758345e-01    9.964806e-03
  9.700676e-01    1.194199e-02
  9.640368e-01    1.386574e-02
  9.577333e-01    1.573537e-02
  9.511558e-01    1.756030e-02
  9.443028e-01    1.934343e-02
  9.371819e-01    2.109620e-02
  9.298053e-01    2.282217e-02
  9.221914e-01    2.452843e-02
  9.143655e-01    2.621469e-02
  9.063483e-01    2.788394e-02
  8.981688e-01    2.953884e-02
  8.898558e-01    3.117983e-02
  8.814411e-01    3.280297e-02
  8.729443e-01    3.440364e-02
  8.643818e-01    3.598221e-02
  8.557672e-01    3.753479e-02
  8.471124e-01    3.906287e-02
  8.384256e-01    4.056219e-02
  8.297169e-01    4.203409e-02
  8.209898e-01    4.347689e-02
  8.122532e-01    4.489119e-02
  8.035102e-01    4.627424e-02
  7.947646e-01    4.762589e-02
  7.860146e-01    4.894516e-02
  7.772602e-01    5.023204e-02
  7.685015e-01    5.148621e-02
  7.597381e-01    5.270733e-02
  7.509704e-01    5.389507e-02
  7.421980e-01    5.504908e-02
  7.334209e-01    5.616905e-02
  7.246392e-01    5.725467e-02
  7.158530e-01    5.830577e-02
  7.070621e-01    5.932214e-02
  6.982665e-01    6.030372e-02
  6.894663e-01    6.125041e-02
  6.806615e-01    6.216209e-02
  6.718523e-01    6.303872e-02
  6.630384e-01    6.388025e-02
  6.542199e-01    6.468659e-02
  6.453971e-01    6.545770e-02
  6.365698e-01    6.619353e-02
  6.277382e-01    6.689401e-02
  6.189022e-01    6.755904e-02
  6.100619e-01    6.818856e-02
  6.012173e-01    6.878250e-02
  5.923686e-01    6.934082e-02
  5.835155e-01    6.986346e-02
  5.746584e-01    7.035044e-02
  5.657970e-01    7.080175e-02
  5.569316e-01    7.121742e-02
  5.480621e-01    7.159755e-02
  5.391885e-01    7.194223e-02
  5.303109e-01    7.225174e-02
  5.214295e-01    7.252618e-02
  5.125447e-01    7.276578e-02
  5.036564e-01    7.297076e-02
  4.947647e-01    7.314137e-02
  4.858698e-01    7.327781e-02
  4.769718e-01    7.338035e-02
  4.680709e-01    7.344921e-02
  4.591671e-01    7.348464e-02
  4.502607e-01    7.348680e-02
  4.413518e-01    7.345593e-02
  4.324406e-01    7.339220e-02
  4.235272e-01    7.329580e-02
  4.146119e-01    7.316690e-02
  4.056949e-01    7.300568e-02
  3.967767e-01    7.281231e-02
  3.878575e-01    7.258670e-02
  3.789379e-01    7.232913e-02
  3.700180e-01    7.203950e-02
  3.610985e-01    7.171780e-02
  3.521795e-01    7.136434e-02
  3.432615e-01    7.097892e-02
  3.343448e-01    7.056154e-02
  3.254299e-01    7.011221e-02
  3.165170e-01    6.963087e-02
  3.076063e-01    6.911728e-02
  2.986983e-01    6.857143e-02
  2.897932e-01    6.799306e-02
  2.808912e-01    6.738202e-02
  2.719925e-01    6.673808e-02
  2.630979e-01    6.606106e-02
  2.542079e-01    6.535067e-02
  2.453240e-01    6.460679e-02
  2.364482e-01    6.382911e-02
  2.275833e-01    6.301752e-02
  2.187325e-01    6.217172e-02
  2.098999e-01    6.129130e-02
  2.010908e-01    6.037591e-02
  1.923110e-01    5.942509e-02
  1.835676e-01    5.843832e-02
  1.748684e-01    5.741476e-02
  1.662208e-01    5.635406e-02
  1.576379e-01    5.525511e-02
  1.491292e-01    5.411819e-02
  1.407117e-01    5.294226e-02
  1.324001e-01    5.172775e-02
  1.242171e-01    5.047513e-02
  1.161827e-01    4.918534e-02
  1.083298e-01    4.786265e-02
  1.006887e-01    4.650923e-02
  9.329996e-02    4.513361e-02
  8.619930e-02    4.374136e-02
  7.943294e-02    4.234548e-02
  7.303516e-02    4.095382e-02
  6.703209e-02    3.957615e-02
  6.143725e-02    3.822081e-02
  5.625303e-02    3.689327e-02
  5.146766e-02    3.559767e-02
  4.706362e-02    3.433873e-02
  4.301914e-02    3.311891e-02
  3.930798e-02    3.193903e-02
  3.590445e-02    3.079712e-02
  3.277953e-02    2.968503e-02
  2.990272e-02    2.859829e-02
  2.724821e-02    2.753520e-02
  2.479577e-02    2.649316e-02
  2.252721e-02    2.546465e-02
  2.042435e-02    2.444552e-02
  1.847244e-02    2.343264e-02
  1.665910e-02    2.242180e-02
  1.497350e-02    2.140974e-02
  1.340638e-02    2.039414e-02
  1.194996e-02    1.937362e-02
  1.059783e-02    1.834694e-02
  9.344320e-03    1.731375e-02
  8.183666e-03    1.627475e-02
  7.110434e-03    1.523142e-02
  6.122649e-03    1.418261e-02
  5.217522e-03    1.312828e-02
  4.391473e-03    1.207017e-02
  3.643399e-03    1.100851e-02
  2.970471e-03    9.944966e-03
  2.370665e-03    8.881193e-03
  1.843943e-03    7.817874e-03
  1.385359e-03    6.758279e-03
  9.924672e-04    5.704702e-03
  6.676305e-04    4.657230e-03
  4.058132e-04    3.618582e-03
  2.073944e-04    2.590186e-03
  7.609905e-05    1.573154e-03
  9.931460e-06    5.709844e-04
  5.286374e-06   -4.185755e-04
  5.913354e-05   -1.415415e-03
  1.695949e-04   -2.430372e-03
  3.351640e-04   -3.457934e-03
  5.553223e-04   -4.496995e-03
  8.279960e-04   -5.547405e-03
  1.151493e-03   -6.608757e-03
  1.526304e-03   -7.681000e-03
  1.958216e-03   -8.762087e-03
  2.457217e-03   -9.846596e-03
  3.036638e-03   -1.092565e-02
  3.706400e-03   -1.199057e-02
  4.472701e-03   -1.303379e-02
  5.338451e-03   -1.404985e-02
  6.303921e-03   -1.503611e-02
  7.367402e-03   -1.599352e-02
  8.525423e-03   -1.692756e-02
  9.778595e-03   -1.784095e-02
  1.113015e-02   -1.873566e-02
  1.258464e-02   -1.961368e-02
  1.414765e-02   -2.047849e-02
  1.582512e-02   -2.133567e-02
  1.762583e-02   -2.218878e-02
  1.956128e-02   -2.304034e-02
  2.164450e-02   -2.389512e-02
  2.388923e-02   -2.475988e-02
  2.631426e-02   -2.563532e-02
  2.894086e-02   -2.652585e-02
  3.179249e-02   -2.743570e-02
  3.489671e-02   -2.836813e-02
  3.828494e-02   -2.932664e-02
  4.199166e-02   -3.031542e-02
  4.605407e-02   -3.133866e-02
  5.051024e-02   -3.240054e-02
  5.539390e-02   -3.350469e-02
  6.073304e-02   -3.465347e-02
  6.654411e-02   -3.584692e-02
  7.282677e-02   -3.708199e-02
  7.956340e-02   -3.835243e-02
  8.671846e-02   -3.965024e-02
  9.424484e-02   -4.096632e-02
  1.020898e-01   -4.229079e-02
  1.102006e-01   -4.361813e-02
  1.185199e-01   -4.494371e-02
  1.269982e-01   -4.626109e-02
  1.355960e-01   -4.756323e-02
  1.442817e-01   -4.884740e-02
  1.530281e-01   -5.011223e-02
  1.618126e-01   -5.135135e-02
  1.706254e-01   -5.256316e-02
  1.794547e-01   -5.374643e-02
  1.882957e-01   -5.489972e-02
  1.971404e-01   -5.602140e-02
  2.059853e-01   -5.711138e-02
  2.148265e-01   -5.816532e-02
  2.236671e-01   -5.918529e-02
  2.325044e-01   -6.016695e-02
  2.413461e-01   -6.111353e-02
  2.501859e-01   -6.202502e-02
  2.590242e-01   -6.290209e-02
  2.678539e-01   -6.374167e-02
  2.766787e-01   -6.454318e-02
  2.854931e-01   -6.530863e-02
  2.942977e-01   -6.603218e-02
  3.030928e-01   -6.671716e-02
  3.118772e-01   -6.735937e-02
  3.206516e-01   -6.796093e-02
  3.294128e-01   -6.852033e-02
  3.381615e-01   -6.903422e-02
  3.469000e-01   -6.950479e-02
  3.556239e-01   -6.992914e-02
  3.643369e-01   -7.030901e-02
  3.730348e-01   -7.064130e-02
  3.817174e-01   -7.092735e-02
  3.903857e-01   -7.116363e-02
  3.990380e-01   -7.135152e-02
  4.076706e-01   -7.148994e-02
  4.162854e-01   -7.157700e-02
  4.248777e-01   -7.161244e-02
  4.334483e-01   -7.159500e-02
  4.419934e-01   -7.152447e-02
  4.505062e-01   -7.139938e-02
  4.589841e-01   -7.121996e-02
  4.674258e-01   -7.097385e-02
  4.758393e-01   -7.066942e-02
  4.842228e-01   -7.029954e-02
  4.925753e-01   -6.986874e-02
  5.008936e-01   -6.936963e-02
  5.091830e-01   -6.880523e-02
  5.174390e-01   -6.817092e-02
  5.256664e-01   -6.746746e-02
  5.338647e-01   -6.669122e-02
  5.420415e-01   -6.583979e-02
  5.502011e-01   -6.491324e-02
  5.583515e-01   -6.390787e-02
  5.664984e-01   -6.282769e-02
  5.746485e-01   -6.166644e-02
  5.828126e-01   -6.042610e-02
  5.909977e-01   -5.910831e-02
  5.992141e-01   -5.771104e-02
  6.074706e-01   -5.623584e-02
  6.157791e-01   -5.468372e-02
  6.241507e-01   -5.305775e-02
  6.325884e-01   -5.136480e-02
  6.411009e-01   -4.960461e-02
  6.496847e-01   -4.779301e-02
  6.583307e-01   -4.593488e-02
  6.670127e-01   -4.404964e-02
  6.757120e-01   -4.212371e-02
  6.844951e-01   -4.019133e-02
  6.933717e-01   -3.823090e-02
  7.023064e-01   -3.626018e-02
  7.112648e-01   -3.429047e-02
  7.202194e-01   -3.233300e-02
  7.291526e-01   -3.039267e-02
  7.380565e-01   -2.847964e-02
  7.469282e-01   -2.659500e-02
  7.557630e-01   -2.474269e-02
  7.645598e-01   -2.292692e-02
  7.733221e-01   -2.114999e-02
  7.820449e-01   -1.941406e-02
  7.907331e-01   -1.772274e-02
  7.993869e-01   -1.607733e-02
  8.080066e-01   -1.447919e-02
  8.165919e-01   -1.293062e-02
  8.251402e-01   -1.143293e-02
  8.336533e-01   -9.988084e-03
  8.421248e-01   -8.594958e-03
  8.505483e-01   -7.258488e-03
  8.589224e-01   -5.981483e-03
  8.672341e-01   -4.762684e-03
  8.754749e-01   -3.609368e-03
  8.836359e-01   -2.526367e-03
  8.917053e-01   -1.514370e-03
  8.996690e-01   -5.798975e-04
  9.075098e-01    2.694521e-04
  9.152125e-01    1.029522e-03
  9.227482e-01    1.698417e-03
  9.300927e-01    2.267367e-03
  9.372336e-01    2.731482e-03
  9.441634e-01    3.084563e-03
  9.508702e-01    3.324939e-03
  9.573390e-01    3.449353e-03
  9.635451e-01    3.454090e-03
  9.694875e-01    3.336206e-03
  9.751970e-01    3.095322e-03
  9.807100e-01    2.727297e-03
  9.860230e-01    2.230665e-03
  9.910960e-01    1.601212e-03
  9.959218e-01    8.102143e-04
  9.999718e-01   -5.602418e-05
