NE090
  1.000000e+00    3.660675e-17
  9.974390e-01    6.850551e-04
  9.946490e-01    1.421108e-03
  9.914890e-01    2.249163e-03
  9.878890e-01    3.191221e-03
  9.838270e-01    4.260284e-03
  9.793120e-01    5.462354e-03
  9.744040e-01    6.784432e-03
  9.691830e-01    8.207517e-03
  9.637280e-01    9.712611e-03
  9.581100e-01    1.127671e-02
  9.523920e-01    1.287282e-02
  9.466180e-01    1.447894e-02
  9.408190e-01    1.607806e-02
  9.350110e-01    1.765519e-02
  9.292050e-01    1.920032e-02
  9.234000e-01    2.070746e-02
  9.175977e-01    2.217051e-02
  9.117932e-01    2.358731e-02
  9.059852e-01    2.495488e-02
  9.001698e-01    2.627354e-02
  8.943447e-01    2.754469e-02
  8.885087e-01    2.877040e-02
  8.826600e-01    2.995333e-02
  8.767949e-01    3.109651e-02
  8.709150e-01    3.220158e-02
  8.650177e-01    3.327080e-02
  8.591041e-01    3.430559e-02
  8.531753e-01    3.530738e-02
  8.472313e-01    3.627773e-02
  8.412761e-01    3.721755e-02
  8.353096e-01    3.812823e-02
  8.293340e-01    3.901065e-02
  8.233491e-01    3.986589e-02
  8.173572e-01    4.069453e-02
  8.113594e-01    4.149729e-02
  8.053534e-01    4.227523e-02
  7.993423e-01    4.302869e-02
  7.933244e-01    4.375858e-02
  7.873014e-01    4.446535e-02
  7.812724e-01    4.514972e-02
  7.752393e-01    4.581206e-02
  7.691993e-01    4.645322e-02
  7.631561e-01    4.707331e-02
  7.571070e-01    4.767310e-02
  7.510536e-01    4.825287e-02
  7.449963e-01    4.881309e-02
  7.389344e-01    4.935425e-02
  7.328698e-01    4.987663e-02
  7.268008e-01    5.038080e-02
  7.207284e-01    5.086711e-02
  7.146530e-01    5.133594e-02
  7.085762e-01    5.178758e-02
  7.024961e-01    5.222256e-02
  6.964121e-01    5.264131e-02
  6.903267e-01    5.304404e-02
  6.842393e-01    5.343116e-02
  6.781502e-01    5.380301e-02
  6.720584e-01    5.415999e-02
  6.659661e-01    5.450232e-02
  6.598711e-01    5.483042e-02
  6.537732e-01    5.514460e-02
  6.476753e-01    5.544497e-02
  6.415743e-01    5.573195e-02
  6.354731e-01    5.600564e-02
  6.293689e-01    5.626639e-02
  6.232645e-01    5.651430e-02
  6.171580e-01    5.674966e-02
  6.110493e-01    5.697266e-02
  6.049395e-01    5.718346e-02
  5.988276e-01    5.738227e-02
  5.927157e-01    5.756922e-02
  5.866016e-01    5.774453e-02
  5.804854e-01    5.790837e-02
  5.743693e-01    5.806085e-02
  5.682510e-01    5.820217e-02
  5.621317e-01    5.833246e-02
  5.560123e-01    5.845185e-02
  5.498907e-01    5.856052e-02
  5.437689e-01    5.865859e-02
  5.376450e-01    5.874622e-02
  5.315214e-01    5.882351e-02
  5.253986e-01    5.889060e-02
  5.192773e-01    5.894762e-02
  5.131552e-01    5.899473e-02
  5.070277e-01    5.903210e-02
  5.009009e-01    5.905982e-02
  4.947761e-01    5.907805e-02
  4.886481e-01    5.908696e-02
  4.825211e-01    5.908668e-02
  4.763951e-01    5.907737e-02
  4.702680e-01    5.905915e-02
  4.641410e-01    5.903216e-02
  4.580140e-01    5.899648e-02
  4.518860e-01    5.895222e-02
  4.457590e-01    5.889945e-02
  4.396320e-01    5.883821e-02
  4.335040e-01    5.876850e-02
  4.273770e-01    5.869031e-02
  4.212489e-01    5.860352e-02
  4.151209e-01    5.850799e-02
  4.089929e-01    5.840337e-02
  4.028649e-01    5.828894e-02
  3.967369e-01    5.816395e-02
  3.906089e-01    5.803095e-02
  3.844799e-01    5.788795e-02
  3.783508e-01    5.773595e-02
  3.722208e-01    5.757395e-02
  3.660908e-01    5.740293e-02
  3.599598e-01    5.722192e-02
  3.538298e-01    5.703090e-02
  3.477008e-01    5.683088e-02
  3.415718e-01    5.662085e-02
  3.354438e-01    5.640082e-02
  3.293178e-01    5.617179e-02
  3.231918e-01    5.593275e-02
  3.170668e-01    5.568371e-02
  3.109428e-01    5.542567e-02
  3.048208e-01    5.515762e-02
  2.986988e-01    5.487957e-02
  2.925788e-01    5.459252e-02
  2.864588e-01    5.429546e-02
  2.803408e-01    5.398840e-02
  2.742238e-01    5.367133e-02
  2.681078e-01    5.334326e-02
  2.619938e-01    5.300519e-02
  2.558818e-01    5.265712e-02
  2.497718e-01    5.229704e-02
  2.436638e-01    5.192696e-02
  2.375588e-01    5.154388e-02
  2.314568e-01    5.114979e-02
  2.253578e-01    5.074271e-02
  2.192618e-01    5.032361e-02
  2.131698e-01    4.989052e-02
  2.070808e-01    4.944342e-02
  2.009968e-01    4.898232e-02
  1.949167e-01    4.850721e-02
  1.888407e-01    4.801610e-02
  1.827687e-01    4.750999e-02
  1.767027e-01    4.698788e-02
  1.706407e-01    4.644876e-02
  1.645847e-01    4.589264e-02
  1.585347e-01    4.531751e-02
  1.524917e-01    4.472438e-02
  1.464547e-01    4.411025e-02
  1.404257e-01    4.347511e-02
  1.344057e-01    4.281897e-02
  1.283957e-01    4.213782e-02
  1.223957e-01    4.143267e-02
  1.164087e-01    4.070052e-02
  1.104357e-01    3.994036e-02
  1.044797e-01    3.914919e-02
  9.854168e-02    3.832602e-02
  9.262668e-02    3.746785e-02
  8.673767e-02    3.657467e-02
  8.088167e-02    3.564348e-02
  7.506866e-02    3.467028e-02
  6.930966e-02    3.365308e-02
  6.361965e-02    3.258987e-02
  5.801765e-02    3.147665e-02
  5.253064e-02    3.030943e-02
  4.718564e-02    2.908219e-02
  4.201763e-02    2.778395e-02
  3.705963e-02    2.641369e-02
  3.235062e-02    2.497142e-02
  2.792662e-02    2.345613e-02
  2.382061e-02    2.188184e-02
  2.005861e-02    2.025554e-02
  1.665960e-02    1.858623e-02
  1.362460e-02    1.688692e-02
  1.094659e-02    1.517460e-02
  8.608588e-03    1.346528e-02
  6.588583e-03    1.177095e-02
  4.867579e-03    1.009460e-02
  3.428575e-03    8.438248e-03
  2.257571e-03    6.800882e-03
  1.339567e-03    5.186504e-03
  6.625631e-04    3.602118e-03
  2.225595e-04    2.053718e-03
  1.655618e-05    5.473157e-04
  4.955303e-05   -9.160961e-04
  3.445501e-04   -2.342529e-03
  9.315473e-04   -3.729970e-03
  1.845545e-03   -5.030408e-03
  3.083543e-03   -6.196837e-03
  4.618541e-03   -7.219242e-03
  6.449540e-03   -8.091623e-03
  8.582540e-03   -8.824984e-03
  1.103454e-02   -9.473331e-03
  1.383654e-02   -1.009167e-02
  1.702954e-02   -1.070401e-02
  2.064854e-02   -1.131035e-02
  2.470854e-02   -1.191069e-02
  2.919554e-02   -1.251201e-02
  3.406754e-02   -1.311033e-02
  3.925854e-02   -1.370064e-02
  4.469854e-02   -1.428394e-02
  5.032055e-02   -1.485522e-02
  5.607155e-02   -1.541449e-02
  6.191055e-02   -1.596374e-02
  6.780855e-02   -1.649999e-02
  7.374455e-02   -1.702622e-02
  7.970555e-02   -1.754345e-02
  8.568455e-02   -1.805167e-02
  9.167556e-02   -1.855088e-02
  9.767356e-02   -1.904309e-02
  1.036766e-01   -1.952829e-02
  1.096836e-01   -2.000548e-02
  1.156936e-01   -2.047667e-02
  1.217046e-01   -2.094085e-02
  1.277166e-01   -2.139702e-02
  1.337296e-01   -2.184720e-02
  1.397426e-01   -2.229136e-02
  1.457556e-01   -2.272653e-02
  1.517686e-01   -2.315469e-02
  1.577816e-01   -2.357584e-02
  1.637946e-01   -2.398899e-02
  1.698076e-01   -2.439414e-02
  1.758196e-01   -2.479129e-02
  1.818326e-01   -2.518043e-02
  1.878446e-01   -2.556056e-02
  1.938566e-01   -2.593270e-02
  1.998686e-01   -2.629583e-02
  2.058806e-01   -2.664996e-02
  2.118926e-01   -2.699508e-02
  2.179046e-01   -2.733120e-02
  2.239166e-01   -2.765832e-02
  2.299286e-01   -2.797643e-02
  2.359396e-01   -2.828554e-02
  2.419506e-01   -2.858465e-02
  2.479616e-01   -2.887376e-02
  2.539706e-01   -2.915286e-02
  2.599796e-01   -2.942096e-02
  2.659876e-01   -2.967905e-02
  2.719936e-01   -2.992615e-02
  2.779986e-01   -3.016324e-02
  2.840006e-01   -3.038733e-02
  2.900016e-01   -3.059841e-02
  2.959986e-01   -3.079749e-02
  3.019946e-01   -3.098057e-02
  3.079896e-01   -3.114864e-02
  3.139836e-01   -3.130071e-02
  3.199776e-01   -3.143978e-02
  3.259706e-01   -3.156284e-02
  3.319636e-01   -3.167090e-02
  3.379556e-01   -3.176396e-02
  3.439456e-01   -3.184102e-02
  3.499356e-01   -3.190206e-02
  3.559246e-01   -3.194711e-02
  3.619116e-01   -3.197615e-02
  3.678986e-01   -3.198819e-02
  3.738837e-01   -3.198223e-02
  3.798677e-01   -3.195826e-02
  3.858517e-01   -3.191729e-02
  3.918347e-01   -3.185931e-02
  3.978167e-01   -3.178433e-02
  4.037967e-01   -3.169035e-02
  4.097767e-01   -3.157836e-02
  4.157547e-01   -3.144837e-02
  4.217327e-01   -3.129837e-02
  4.277097e-01   -3.113038e-02
  4.336857e-01   -3.094437e-02
  4.396617e-01   -3.073937e-02
  4.456367e-01   -3.051536e-02
  4.516127e-01   -3.027234e-02
  4.575887e-01   -3.001032e-02
  4.635657e-01   -2.973130e-02
  4.695427e-01   -2.943528e-02
  4.755207e-01   -2.912225e-02
  4.814967e-01   -2.879222e-02
  4.874727e-01   -2.844518e-02
  4.934487e-01   -2.808014e-02
  4.994247e-01   -2.769910e-02
  5.053997e-01   -2.730205e-02
  5.113747e-01   -2.688700e-02
  5.173487e-01   -2.645695e-02
  5.233217e-01   -2.601089e-02
  5.292947e-01   -2.554883e-02
  5.352667e-01   -2.506877e-02
  5.412387e-01   -2.457570e-02
  5.472087e-01   -2.406663e-02
  5.531778e-01   -2.354155e-02
  5.591448e-01   -2.300247e-02
  5.651098e-01   -2.244539e-02
  5.710728e-01   -2.187330e-02
  5.770348e-01   -2.128522e-02
  5.829938e-01   -2.068212e-02
  5.889508e-01   -2.006202e-02
  5.949058e-01   -1.942592e-02
  6.008588e-01   -1.877282e-02
  6.068098e-01   -1.810271e-02
  6.127588e-01   -1.741760e-02
  6.187058e-01   -1.671548e-02
  6.246508e-01   -1.599736e-02
  6.305938e-01   -1.526223e-02
  6.365338e-01   -1.451110e-02
  6.424718e-01   -1.374397e-02
  6.484068e-01   -1.296184e-02
  6.543378e-01   -1.216369e-02
  6.602668e-01   -1.134055e-02
  6.661998e-01   -1.049540e-02
  6.721388e-01   -9.635243e-03
  6.780848e-01   -8.765084e-03
  6.840348e-01   -7.882922e-03
  6.899878e-01   -6.989756e-03
  6.959449e-01   -6.089587e-03
  7.019039e-01   -5.183415e-03
  7.078629e-01   -4.268240e-03
  7.138219e-01   -3.346061e-03
  7.197819e-01   -2.416879e-03
  7.257409e-01   -1.481694e-03
  7.316969e-01   -5.455063e-04
  7.376469e-01    3.866833e-04
  7.435899e-01    1.308874e-03
  7.495249e-01    2.216065e-03
  7.554549e-01    3.105256e-03
  7.613809e-01    3.978448e-03
  7.673009e-01    4.836640e-03
  7.732119e-01    5.677833e-03
  7.791139e-01    6.496025e-03
  7.850059e-01    7.287216e-03
  7.908899e-01    8.049407e-03
  7.967649e-01    8.781596e-03
  8.026299e-01    9.479783e-03
  8.084849e-01    1.014197e-02
  8.143299e-01    1.076415e-02
  8.201639e-01    1.134233e-02
  8.259879e-01    1.187451e-02
  8.318000e-01    1.235568e-02
  8.376030e-01    1.278385e-02
  8.433980e-01    1.315502e-02
  8.491840e-01    1.346718e-02
  8.549630e-01    1.372033e-02
  8.607350e-01    1.390949e-02
  8.665000e-01    1.403463e-02
  8.722600e-01    1.409178e-02
  8.780150e-01    1.408392e-02
  8.837640e-01    1.400805e-02
  8.895090e-01    1.386318e-02
  8.952500e-01    1.364831e-02
  9.009860e-01    1.336243e-02
  9.067200e-01    1.300856e-02
  9.124510e-01    1.258467e-02
  9.181790e-01    1.209079e-02
  9.239060e-01    1.152790e-02
  9.296330e-01    1.089601e-02
  9.353580e-01    1.020111e-02
  9.410810e-01    9.444211e-03
  9.467930e-01    8.632306e-03
  9.524830e-01    7.771394e-03
  9.581280e-01    6.871476e-03
  9.636920e-01    5.952552e-03
  9.691130e-01    5.031621e-03
  9.743140e-01    4.135682e-03
  9.792100e-01    3.290738e-03
  9.837150e-01    2.518788e-03
  9.877730e-01    1.834833e-03
  9.913790e-01    1.243874e-03
  9.945610e-01    7.489146e-04
  9.973880e-01    3.409556e-04
  1.000000e+00    3.660675e-17
