NE130
  1.000011e+00    2.274124e-05
  9.964907e-01    1.207985e-03
  9.920320e-01    2.680878e-03
  9.870973e-01    4.271768e-03
  9.816837e-01    5.968457e-03
  9.758216e-01    7.754140e-03
  9.695670e-01    9.605741e-03
  9.629901e-01    1.149614e-02
  9.561680e-01    1.339999e-02
  9.491700e-01    1.529684e-02
  9.420455e-01    1.717394e-02
  9.348298e-01    1.902299e-02
  9.275392e-01    2.084078e-02
  9.201835e-01    2.262574e-02
  9.127690e-01    2.437778e-02
  9.052973e-01    2.609803e-02
  8.977666e-01    2.778768e-02
  8.901763e-01    2.944802e-02
  8.825243e-01    3.107962e-02
  8.748125e-01    3.267953e-02
  8.670409e-01    3.424714e-02
  8.592107e-01    3.578197e-02
  8.513265e-01    3.728286e-02
  8.433918e-01    3.874780e-02
  8.354100e-01    4.017488e-02
  8.273838e-01    4.156392e-02
  8.193164e-01    4.291337e-02
  8.112103e-01    4.422317e-02
  8.030687e-01    4.549246e-02
  7.948949e-01    4.672086e-02
  7.866922e-01    4.790740e-02
  7.784634e-01    4.905248e-02
  7.702110e-01    5.015692e-02
  7.619374e-01    5.122082e-02
  7.536443e-01    5.224425e-02
  7.453333e-01    5.322769e-02
  7.370057e-01    5.417190e-02
  7.286628e-01    5.507777e-02
  7.203059e-01    5.594589e-02
  7.119356e-01    5.677680e-02
  7.035531e-01    5.757127e-02
  6.951589e-01    5.833018e-02
  6.867539e-01    5.905437e-02
  6.783387e-01    5.974460e-02
  6.699138e-01    6.040157e-02
  6.614799e-01    6.102609e-02
  6.530373e-01    6.161910e-02
  6.445867e-01    6.218124e-02
  6.361284e-01    6.271292e-02
  6.276628e-01    6.321487e-02
  6.191902e-01    6.368795e-02
  6.107112e-01    6.413284e-02
  6.022263e-01    6.455025e-02
  5.937353e-01    6.494084e-02
  5.852391e-01    6.530517e-02
  5.767375e-01    6.564394e-02
  5.682311e-01    6.595764e-02
  5.597203e-01    6.624668e-02
  5.512050e-01    6.651141e-02
  5.426857e-01    6.675215e-02
  5.341625e-01    6.696932e-02
  5.256356e-01    6.716333e-02
  5.171053e-01    6.733429e-02
  5.085718e-01    6.748230e-02
  5.000353e-01    6.760759e-02
  4.914958e-01    6.771021e-02
  4.829536e-01    6.779009e-02
  4.744092e-01    6.784727e-02
  4.658623e-01    6.788177e-02
  4.573135e-01    6.789379e-02
  4.487626e-01    6.788363e-02
  4.402099e-01    6.785119e-02
  4.316556e-01    6.779647e-02
  4.230998e-01    6.771984e-02
  4.145426e-01    6.762132e-02
  4.059835e-01    6.750072e-02
  3.974222e-01    6.735795e-02
  3.888563e-01    6.719289e-02
  3.802915e-01    6.700575e-02
  3.717246e-01    6.679651e-02
  3.631590e-01    6.656492e-02
  3.545996e-01    6.631110e-02
  3.460388e-01    6.603470e-02
  3.374842e-01    6.573544e-02
  3.289341e-01    6.541333e-02
  3.203882e-01    6.506819e-02
  3.118464e-01    6.469947e-02
  3.033114e-01    6.430692e-02
  2.947823e-01    6.389052e-02
  2.862619e-01    6.345001e-02
  2.777476e-01    6.298473e-02
  2.692429e-01    6.249440e-02
  2.607465e-01    6.197823e-02
  2.522599e-01    6.143652e-02
  2.437848e-01    6.086887e-02
  2.353247e-01    6.027428e-02
  2.268782e-01    5.965240e-02
  2.184485e-01    5.900233e-02
  2.100347e-01    5.832330e-02
  2.016416e-01    5.761446e-02
  1.932706e-01    5.687433e-02
  1.849233e-01    5.610225e-02
  1.766029e-01    5.529640e-02
  1.683120e-01    5.445604e-02
  1.600535e-01    5.357970e-02
  1.518336e-01    5.266501e-02
  1.436570e-01    5.170989e-02
  1.355311e-01    5.071351e-02
  1.274637e-01    4.967379e-02
  1.194670e-01    4.858849e-02
  1.115522e-01    4.745566e-02
  1.037421e-01    4.627615e-02
  9.605842e-02    4.504892e-02
  8.853337e-02    4.377678e-02
  8.120053e-02    4.246209e-02
  7.411013e-02    4.111125e-02
  6.730973e-02    3.973060e-02
  6.085065e-02    3.832887e-02
  5.478519e-02    3.691672e-02
  4.915540e-02    3.550638e-02
  4.398534e-02    3.410785e-02
  3.927963e-02    3.272875e-02
  3.502729e-02    3.136956e-02
  3.120481e-02    3.002712e-02
  2.777897e-02    2.870135e-02
  2.471301e-02    2.739291e-02
  2.197038e-02    2.610203e-02
  1.951513e-02    2.482924e-02
  1.731535e-02    2.357303e-02
  1.534203e-02    2.233353e-02
  1.356846e-02    2.111334e-02
  1.197178e-02    1.991328e-02
  1.053223e-02    1.873323e-02
  9.232202e-03    1.757289e-02
  8.056421e-03    1.643168e-02
  6.991894e-03    1.530869e-02
  6.028091e-03    1.420337e-02
  5.156007e-03    1.311496e-02
  4.368247e-03    1.204286e-02
  3.659037e-03    1.098720e-02
  3.022616e-03    9.946783e-03
  2.453376e-03    8.918873e-03
  1.948146e-03    7.903252e-03
  1.504402e-03    6.900105e-03
  1.118409e-03    5.904995e-03
  7.888115e-04    4.916763e-03
  5.154278e-04    3.935749e-03
  2.981551e-04    2.960571e-03
  1.385238e-04    1.993106e-03
  3.852561e-05    1.036998e-03
  2.992599e-07    8.973616e-05
  2.797023e-05   -8.568551e-04
  1.287955e-04   -1.804161e-03
  3.133987e-04   -2.750988e-03
  5.914272e-04   -3.684739e-03
  9.626614e-04   -4.595295e-03
  1.416605e-03   -5.479715e-03
  1.945619e-03   -6.335499e-03
  2.540668e-03   -7.166812e-03
  3.202797e-03   -7.974619e-03
  3.932837e-03   -8.765983e-03
  4.736816e-03   -9.547197e-03
  5.622399e-03   -1.032061e-02
  6.597372e-03   -1.108875e-02
  7.670158e-03   -1.185192e-02
  8.848865e-03   -1.260997e-02
  1.014245e-02   -1.336345e-02
  1.156116e-02   -1.411363e-02
  1.311693e-02   -1.486229e-02
  1.482477e-02   -1.561075e-02
  1.670291e-02   -1.636238e-02
  1.877175e-02   -1.712399e-02
  2.105615e-02   -1.790128e-02
  2.358668e-02   -1.870147e-02
  2.640084e-02   -1.953448e-02
  2.954272e-02   -2.040911e-02
  3.305860e-02   -2.133361e-02
  3.699638e-02   -2.231670e-02
  4.140377e-02   -2.336682e-02
  4.632040e-02   -2.448818e-02
  5.176738e-02   -2.568189e-02
  5.773760e-02   -2.694081e-02
  6.419785e-02   -2.825520e-02
  7.109133e-02   -2.960936e-02
  7.834675e-02   -3.098822e-02
  8.589169e-02   -3.237810e-02
  9.366607e-02   -3.376770e-02
  1.016112e-01   -3.514811e-02
  1.096902e-01   -3.651442e-02
  1.178697e-01   -3.786288e-02
  1.261278e-01   -3.919025e-02
  1.344480e-01   -4.049495e-02
  1.428175e-01   -4.177648e-02
  1.512270e-01   -4.303451e-02
  1.596707e-01   -4.426823e-02
  1.681389e-01   -4.547494e-02
  1.766315e-01   -4.665360e-02
  1.851427e-01   -4.780279e-02
  1.936715e-01   -4.892051e-02
  2.022141e-01   -5.000562e-02
  2.107680e-01   -5.105567e-02
  2.193322e-01   -5.206823e-02
  2.279054e-01   -5.304243e-02
  2.364856e-01   -5.397481e-02
  2.450728e-01   -5.486519e-02
  2.536644e-01   -5.571312e-02
  2.622587e-01   -5.651692e-02
  2.708530e-01   -5.727519e-02
  2.794496e-01   -5.798728e-02
  2.880418e-01   -5.865228e-02
  2.966348e-01   -5.926871e-02
  3.052232e-01   -5.983541e-02
  3.138068e-01   -6.035113e-02
  3.223843e-01   -6.081536e-02
  3.309599e-01   -6.122768e-02
  3.395270e-01   -6.158568e-02
  3.480821e-01   -6.188984e-02
  3.566241e-01   -6.213930e-02
  3.651529e-01   -6.233391e-02
  3.736689e-01   -6.247261e-02
  3.821734e-01   -6.255623e-02
  3.906628e-01   -6.258395e-02
  3.991372e-01   -6.255545e-02
  4.075963e-01   -6.247092e-02
  4.160451e-01   -6.232928e-02
  4.244785e-01   -6.212980e-02
  4.328992e-01   -6.187270e-02
  4.413087e-01   -6.155721e-02
  4.497042e-01   -6.118383e-02
  4.580858e-01   -6.075366e-02
  4.664540e-01   -6.026169e-02
  4.748066e-01   -5.970826e-02
  4.831449e-01   -5.909362e-02
  4.914642e-01   -5.841850e-02
  4.997618e-01   -5.768253e-02
  5.080369e-01   -5.688589e-02
  5.162883e-01   -5.602886e-02
  5.245157e-01   -5.511138e-02
  5.327167e-01   -5.413402e-02
  5.408927e-01   -5.309660e-02
  5.490470e-01   -5.199906e-02
  5.571776e-01   -5.084071e-02
  5.652892e-01   -4.962365e-02
  5.733863e-01   -4.834658e-02
  5.814693e-01   -4.700995e-02
  5.895439e-01   -4.561600e-02
  5.976172e-01   -4.416347e-02
  6.056919e-01   -4.265456e-02
  6.137754e-01   -4.108877e-02
  6.218686e-01   -3.946970e-02
  6.299796e-01   -3.780130e-02
  6.381078e-01   -3.608601e-02
  6.462609e-01   -3.432445e-02
  6.544376e-01   -3.251722e-02
  6.626463e-01   -3.067218e-02
  6.708862e-01   -2.879119e-02
  6.791658e-01   -2.688889e-02
  6.874907e-01   -2.497995e-02
  6.958588e-01   -2.306018e-02
  7.042706e-01   -2.112894e-02
  7.127249e-01   -1.918847e-02
  7.212216e-01   -1.724123e-02
  7.297511e-01   -1.529992e-02
  7.383012e-01   -1.338453e-02
  7.468595e-01   -1.151056e-02
  7.554086e-01   -9.686521e-03
  7.639400e-01   -7.913567e-03
  7.724465e-01   -6.199892e-03
  7.809226e-01   -4.559153e-03
  7.893625e-01   -2.999814e-03
  7.977590e-01   -1.528310e-03
  8.060999e-01   -1.527819e-04
  8.143724e-01    1.120615e-03
  8.225620e-01    2.288277e-03
  8.306715e-01    3.347986e-03
  8.386928e-01    4.298125e-03
  8.466288e-01    5.140440e-03
  8.544810e-01    5.875001e-03
  8.622486e-01    6.503753e-03
  8.699304e-01    7.029355e-03
  8.775317e-01    7.453302e-03
  8.850514e-01    7.777681e-03
  8.924903e-01    8.005103e-03
  8.998503e-01    8.137533e-03
  9.071325e-01    8.176394e-03
  9.143406e-01    8.123329e-03
  9.214708e-01    7.980504e-03
  9.285281e-01    7.749483e-03
  9.355123e-01    7.431306e-03
  9.424231e-01    7.027260e-03
  9.492541e-01    6.538438e-03
  9.559838e-01    5.967907e-03
  9.625808e-01    5.321930e-03
  9.689977e-01    4.611329e-03
  9.751785e-01    3.852747e-03
  9.810588e-01    3.065409e-03
  9.865730e-01    2.266113e-03
  9.916707e-01    1.465765e-03
  9.963224e-01    6.679551e-04
  9.999889e-01   -2.275573e-05
