1.000000e+00  3.100338e-03
9.841340e-01  7.308494e-03
9.682721e-01  1.121396e-02
9.524181e-01  1.484921e-02
9.365761e-01  1.825103e-02
9.207500e-01  2.145750e-02
9.049440e-01  2.450576e-02
8.891618e-01  2.743034e-02
8.734075e-01  3.026193e-02
8.576852e-01  3.302672e-02
8.419986e-01  3.574606e-02
8.263518e-01  3.843640e-02
8.107488e-01  4.110952e-02
7.951933e-01  4.377290e-02
7.796895e-01  4.643025e-02
7.642411e-01  4.908212e-02
7.488520e-01  5.172649e-02
7.335262e-01  5.435943e-02
7.182674e-01  5.697571e-02
7.030796e-01  5.956934e-02
6.879666e-01  6.213404e-02
6.729320e-01  6.466368e-02
6.579799e-01  6.715256e-02
6.431138e-01  6.959567e-02
6.283375e-01  7.198881e-02
6.136549e-01  7.432865e-02
5.990695e-01  7.661272e-02
5.845850e-01  7.883932e-02
5.702051e-01  8.100741e-02
5.559334e-01  8.311641e-02
5.417735e-01  8.516601e-02
5.277289e-01  8.715597e-02
5.138033e-01  8.908587e-02
5.000000e-01  9.095494e-02
4.863226e-01  9.276185e-02
4.727745e-01  9.450454e-02
4.593592e-01  9.618012e-02
4.460799e-01  9.778477e-02
4.329401e-01  9.931370e-02
4.199431e-01  1.007612e-01
4.070921e-01  1.021205e-01
3.943903e-01  1.033841e-01
3.818410e-01  1.045439e-01
3.694473e-01  1.055910e-01
3.572124e-01  1.065164e-01
3.451393e-01  1.073108e-01
3.332310e-01  1.079651e-01
3.214906e-01  1.084704e-01
3.099210e-01  1.088186e-01
2.985251e-01  1.090021e-01
2.873058e-01  1.090145e-01
2.762660e-01  1.088504e-01
2.654083e-01  1.085061e-01
2.547356e-01  1.079790e-01
2.442504e-01  1.072684e-01
2.339556e-01  1.063749e-01
2.238535e-01  1.053012e-01
2.139469e-01  1.040512e-01
2.042382e-01  1.026308e-01
1.947297e-01  1.010470e-01
1.854240e-01  9.930839e-02
1.763234e-01  9.742475e-02
1.674301e-01  9.540683e-02
1.587465e-01  9.326621e-02
1.502746e-01  9.101506e-02
1.420166e-01  8.866594e-02
1.339746e-01  8.623153e-02
1.261506e-01  8.372447e-02
1.185466e-01  8.115706e-02
1.111646e-01  7.854113e-02
1.040062e-01  7.588785e-02
9.707346e-02  7.320752e-02
9.036800e-02  7.050950e-02
8.389154e-02  6.780207e-02
7.764571e-02  6.509239e-02
7.163207e-02  6.238642e-02
6.585214e-02  5.968895e-02
6.030738e-02  5.700358e-02
5.499918e-02  5.433281e-02
4.992888e-02  5.167808e-02
4.509776e-02  4.903988e-02
4.050703e-02  4.641789e-02
3.615784e-02  4.381105e-02
3.205130e-02  4.121775e-02
2.818843e-02  3.863594e-02
2.457021e-02  3.606332e-02
2.119755e-02  3.349741e-02
1.807130e-02  3.093576e-02
1.519225e-02  2.837601e-02
1.256111e-02  2.581601e-02
1.017856e-02  2.325393e-02
8.045187e-03  2.068832e-02
6.161536e-03  1.811813e-02
4.528077e-03  1.554275e-02
3.145224e-03  1.296202e-02
2.013324e-03  1.037623e-02
1.132661e-03  7.786019e-03
5.034576e-04  5.192379e-03
1.258723e-04  2.596562e-03
0.000000e+00  0.000000e+00
1.258723e-04  -2.315158e-03
5.034576e-04  -4.626299e-03
1.132661e-03  -6.928703e-03
2.013324e-03  -9.217806e-03
3.145224e-03  -1.148928e-02
4.528077e-03  -1.373907e-02
6.161536e-03  -1.596351e-02
8.045187e-03  -1.815931e-02
1.017856e-02  -2.032365e-02
1.256111e-02  -2.245415e-02
1.519225e-02  -2.454895e-02
1.807130e-02  -2.660665e-02
2.119755e-02  -2.862637e-02
2.457021e-02  -3.060763e-02
2.818843e-02  -3.255043e-02
3.205130e-02  -3.445508e-02
3.615784e-02  -3.632225e-02
4.050703e-02  -3.815284e-02
4.509776e-02  -3.994792e-02
4.992888e-02  -4.170865e-02
5.499918e-02  -4.343619e-02
6.030738e-02  -4.513163e-02
6.585214e-02  -4.679587e-02
7.163207e-02  -4.842957e-02
7.764571e-02  -5.003305e-02
8.389154e-02  -5.160620e-02
9.036800e-02  -5.314846e-02
9.707346e-02  -5.465870e-02
1.040062e-01  -5.613520e-02
1.111646e-01  -5.757563e-02
1.185466e-01  -5.897696e-02
1.261506e-01  -6.033554e-02
1.339746e-01  -6.164702e-02
1.420166e-01  -6.290640e-02
1.502746e-01  -6.410804e-02
1.587465e-01  -6.524571e-02
1.674301e-01  -6.631263e-02
1.763234e-01  -6.730156e-02
1.854240e-01  -6.820481e-02
1.947297e-01  -6.901438e-02
2.042382e-01  -6.972202e-02
2.139469e-01  -7.031933e-02
2.238535e-01  -7.079785e-02
2.339556e-01  -7.114920e-02
2.442504e-01  -7.136513e-02
2.547356e-01  -7.143766e-02
2.654083e-01  -7.135923e-02
2.762660e-01  -7.112272e-02
2.873058e-01  -7.072164e-02
2.985251e-01  -7.015020e-02
3.099210e-01  -6.940345e-02
3.214906e-01  -6.847731e-02
3.332310e-01  -6.736878e-02
3.451393e-01  -6.607594e-02
3.572124e-01  -6.459811e-02
3.694473e-01  -6.293588e-02
3.818410e-01  -6.109126e-02
3.943903e-01  -5.906770e-02
4.070921e-01  -5.687019e-02
4.199431e-01  -5.450530e-02
4.329401e-01  -5.198125e-02
4.460799e-01  -4.930793e-02
4.593592e-01  -4.649691e-02
4.727745e-01  -4.356146e-02
4.863226e-01  -4.051653e-02
5.000000e-01  -3.737870e-02
5.138033e-01  -3.416613e-02
5.277289e-01  -3.089843e-02
5.417735e-01  -2.759657e-02
5.559334e-01  -2.428268e-02
5.702051e-01  -2.097991e-02
5.845850e-01  -1.771214e-02
5.990695e-01  -1.450375e-02
6.136549e-01  -1.137929e-02
6.283375e-01  -8.363173e-03
6.431138e-01  -5.479276e-03
6.579799e-01  -2.750587e-03
6.729320e-01  -1.987867e-04
6.879666e-01  2.156155e-03
7.030796e-01  4.296368e-03
7.182674e-01  6.206455e-03
7.335262e-01  7.873815e-03
7.488520e-01  9.288900e-03
7.642411e-01  1.044538e-02
7.796895e-01  1.134020e-02
7.951933e-01  1.197347e-02
8.107488e-01  1.234817e-02
8.263518e-01  1.246965e-02
8.419986e-01  1.234488e-02
8.576852e-01  1.198134e-02
8.734075e-01  1.138564e-02
8.891618e-01  1.056169e-02
9.049440e-01  9.508484e-03
9.207500e-01  8.217378e-03
9.365761e-01  6.668850e-03
9.524181e-01  4.828706e-03
9.682721e-01  2.643680e-03
9.841340e-01  3.639438e-05
1.000000e+00  -3.100338e-03