1.000000e+00  5.621133e-04
9.841340e-01  3.640358e-03
9.682721e-01  6.609903e-03
9.524181e-01  9.548344e-03
9.365761e-01  1.250212e-02
9.207500e-01  1.549515e-02
9.049440e-01  1.853592e-02
8.891618e-01  2.162311e-02
8.734075e-01  2.474996e-02
8.576852e-01  2.790754e-02
8.419986e-01  3.108704e-02
8.263518e-01  3.428121e-02
8.107488e-01  3.748524e-02
7.951933e-01  4.069702e-02
7.796895e-01  4.391698e-02
7.642411e-01  4.714771e-02
7.488520e-01  5.039331e-02
7.335262e-01  5.365864e-02
7.182674e-01  5.694856e-02
7.030796e-01  6.026717e-02
6.879666e-01  6.361708e-02
6.729320e-01  6.699889e-02
6.579799e-01  7.041069e-02
6.431138e-01  7.384775e-02
6.283375e-01  7.730238e-02
6.136549e-01  8.076394e-02
5.990695e-01  8.421891e-02
5.845850e-01  8.765123e-02
5.702051e-01  9.104262e-02
5.559334e-01  9.437305e-02
5.417735e-01  9.762128e-02
5.277289e-01  1.007654e-01
5.138033e-01  1.037835e-01
5.000000e-01  1.066540e-01
4.863226e-01  1.093567e-01
4.727745e-01  1.118725e-01
4.593592e-01  1.141849e-01
4.460799e-01  1.162792e-01
4.329401e-01  1.181438e-01
4.199431e-01  1.197697e-01
4.070921e-01  1.211511e-01
3.943903e-01  1.222850e-01
3.818410e-01  1.231715e-01
3.694473e-01  1.238134e-01
3.572124e-01  1.242161e-01
3.451393e-01  1.243870e-01
3.332310e-01  1.243358e-01
3.214906e-01  1.240736e-01
3.099210e-01  1.236126e-01
2.985251e-01  1.229659e-01
2.873058e-01  1.221468e-01
2.762660e-01  1.211687e-01
2.654083e-01  1.200447e-01
2.547356e-01  1.187871e-01
2.442504e-01  1.174073e-01
2.339556e-01  1.159156e-01
2.238535e-01  1.143208e-01
2.139469e-01  1.126307e-01
2.042382e-01  1.108511e-01
1.947297e-01  1.089870e-01
1.854240e-01  1.070417e-01
1.763234e-01  1.050173e-01
1.674301e-01  1.029151e-01
1.587465e-01  1.007354e-01
1.502746e-01  9.847794e-02
1.420166e-01  9.614212e-02
1.339746e-01  9.372730e-02
1.261506e-01  9.123297e-02
1.185466e-01  8.865902e-02
1.111646e-01  8.600598e-02
1.040062e-01  8.327519e-02
9.707346e-02  8.046896e-02
9.036800e-02  7.759067e-02
8.389154e-02  7.464488e-02
7.764571e-02  7.163729e-02
7.163207e-02  6.857479e-02
6.585214e-02  6.546534e-02
6.030738e-02  6.231784e-02
5.499918e-02  5.914204e-02
4.992888e-02  5.594830e-02
4.509776e-02  5.274735e-02
4.050703e-02  4.955010e-02
3.615784e-02  4.636736e-02
3.205130e-02  4.320955e-02
2.818843e-02  4.008648e-02
2.457021e-02  3.700706e-02
2.119755e-02  3.397909e-02
1.807130e-02  3.100903e-02
1.519225e-02  2.810185e-02
1.256111e-02  2.526089e-02
1.017856e-02  2.248771e-02
8.045187e-03  1.978214e-02
6.161536e-03  1.714217e-02
4.528077e-03  1.456409e-02
3.145224e-03  1.204252e-02
2.013324e-03  9.570587e-03
1.132661e-03  7.140079e-03
5.034576e-04  4.741689e-03
1.258723e-04  2.365247e-03
0.000000e+00  0.000000e+00
1.258723e-04  -2.031251e-03
5.034576e-04  -4.061551e-03
1.132661e-03  -6.089913e-03
2.013324e-03  -8.115557e-03
3.145224e-03  -1.013800e-02
4.528077e-03  -1.215713e-02
6.161536e-03  -1.417327e-02
8.045187e-03  -1.618719e-02
1.017856e-02  -1.820015e-02
1.256111e-02  -2.021386e-02
1.519225e-02  -2.223044e-02
1.807130e-02  -2.425234e-02
2.119755e-02  -2.628227e-02
2.457021e-02  -2.832306e-02
2.818843e-02  -3.037753e-02
3.205130e-02  -3.244836e-02
3.615784e-02  -3.453788e-02
4.050703e-02  -3.664799e-02
4.509776e-02  -3.877993e-02
4.992888e-02  -4.093414e-02
5.499918e-02  -4.311019e-02
6.030738e-02  -4.530658e-02
6.585214e-02  -4.752072e-02
7.163207e-02  -4.974882e-02
7.764571e-02  -5.198592e-02
8.389154e-02  -5.422587e-02
9.036800e-02  -5.646137e-02
9.707346e-02  -5.868411e-02
1.040062e-01  -6.088482e-02
1.111646e-01  -6.305349e-02
1.185466e-01  -6.517951e-02
1.261506e-01  -6.725191e-02
1.339746e-01  -6.925955e-02
1.420166e-01  -7.119137e-02
1.502746e-01  -7.303662e-02
1.587465e-01  -7.478510e-02
1.674301e-01  -7.642734e-02
1.763234e-01  -7.795480e-02
1.854240e-01  -7.936006e-02
1.947297e-01  -8.063686e-02
2.042382e-01  -8.178026e-02
2.139469e-01  -8.278657e-02
2.238535e-01  -8.365343e-02
2.339556e-01  -8.437964e-02
2.442504e-01  -8.496508e-02
2.547356e-01  -8.541052e-02
2.654083e-01  -8.571742e-02
2.762660e-01  -8.588763e-02
2.873058e-01  -8.592320e-02
2.985251e-01  -8.582601e-02
3.099210e-01  -8.559753e-02
3.214906e-01  -8.523852e-02
3.332310e-01  -8.474879e-02
3.451393e-01  -8.412701e-02
3.572124e-01  -8.337053e-02
3.694473e-01  -8.247529e-02
3.818410e-01  -8.143585e-02
3.943903e-01  -8.024546e-02
4.070921e-01  -7.889620e-02
4.199431e-01  -7.737931e-02
4.329401e-01  -7.568552e-02
4.460799e-01  -7.380553e-02
4.593592e-01  -7.173057e-02
4.727745e-01  -6.945296e-02
4.863226e-01  -6.696685e-02
5.000000e-01  -6.426886e-02
5.138033e-01  -6.135882e-02
5.277289e-01  -5.824038e-02
5.417735e-01  -5.492169e-02
5.559334e-01  -5.141588e-02
5.702051e-01  -4.774143e-02
5.845850e-01  -4.392244e-02
5.990695e-01  -3.998864e-02
6.136549e-01  -3.597517e-02
6.283375e-01  -3.192218e-02
6.431138e-01  -2.787408e-02
6.579799e-01  -2.387861e-02
6.729320e-01  -1.998558e-02
6.879666e-01  -1.624538e-02
7.030796e-01  -1.270727e-02
7.182674e-01  -9.417551e-03
7.335262e-01  -6.417556e-03
7.488520e-01  -3.741716e-03
7.642411e-01  -1.415666e-03
7.796895e-01  5.453926e-04
7.951933e-01  2.137953e-03
8.107488e-01  3.370912e-03
8.263518e-01  4.265517e-03
8.419986e-01  4.854361e-03
8.576852e-01  5.179151e-03
8.734075e-01  5.287041e-03
8.891618e-01  5.225222e-03
9.049440e-01  5.033516e-03
9.207500e-01  4.734681e-03
9.365761e-01  4.322132e-03
9.524181e-01  3.744801e-03
9.682721e-01  2.888842e-03
9.841340e-01  1.555929e-03
1.000000e+00  -5.621133e-04