1.000000e+00  4.777956e-03
9.841340e-01  8.546218e-03
9.682721e-01  1.227652e-02
9.524181e-01  1.599004e-02
9.365761e-01  1.969552e-02
9.207500e-01  2.339340e-02
9.049440e-01  2.707915e-02
8.891618e-01  3.074579e-02
8.734075e-01  3.438583e-02
8.576852e-01  3.799258e-02
8.419986e-01  4.156100e-02
8.263518e-01  4.508814e-02
8.107488e-01  4.857326e-02
7.951933e-01  5.201766e-02
7.796895e-01  5.542440e-02
7.642411e-01  5.879782e-02
7.488520e-01  6.214301e-02
7.335262e-01  6.546522e-02
7.182674e-01  6.876938e-02
7.030796e-01  7.205952e-02
6.879666e-01  7.533835e-02
6.729320e-01  7.860691e-02
6.579799e-01  8.186425e-02
6.431138e-01  8.510730e-02
6.283375e-01  8.833078e-02
6.136549e-01  9.152721e-02
5.990695e-01  9.468704e-02
5.845850e-01  9.779883e-02
5.702051e-01  1.008495e-01
5.559334e-01  1.038248e-01
5.417735e-01  1.067092e-01
5.277289e-01  1.094870e-01
5.138033e-01  1.121420e-01
5.000000e-01  1.146583e-01
4.863226e-01  1.170207e-01
4.727745e-01  1.192148e-01
4.593592e-01  1.212274e-01
4.460799e-01  1.230469e-01
4.329401e-01  1.246634e-01
4.199431e-01  1.260688e-01
4.070921e-01  1.272569e-01
3.943903e-01  1.282237e-01
3.818410e-01  1.289672e-01
3.694473e-01  1.294871e-01
3.572124e-01  1.297853e-01
3.451393e-01  1.298651e-01
3.332310e-01  1.297314e-01
3.214906e-01  1.293907e-01
3.099210e-01  1.288502e-01
2.985251e-01  1.281182e-01
2.873058e-01  1.272036e-01
2.762660e-01  1.261158e-01
2.654083e-01  1.248641e-01
2.547356e-01  1.234582e-01
2.442504e-01  1.219074e-01
2.339556e-01  1.202207e-01
2.238535e-01  1.184067e-01
2.139469e-01  1.164736e-01
2.042382e-01  1.144288e-01
1.947297e-01  1.122792e-01
1.854240e-01  1.100311e-01
1.763234e-01  1.076904e-01
1.674301e-01  1.052622e-01
1.587465e-01  1.027515e-01
1.502746e-01  1.001627e-01
1.420166e-01  9.750013e-02
1.339746e-01  9.476800e-02
1.261506e-01  9.197046e-02
1.185466e-01  8.911176e-02
1.111646e-01  8.619636e-02
1.040062e-01  8.322899e-02
9.707346e-02  8.021470e-02
9.036800e-02  7.715893e-02
8.389154e-02  7.406752e-02
7.764571e-02  7.094669e-02
7.163207e-02  6.780307e-02
6.585214e-02  6.464359e-02
6.030738e-02  6.147545e-02
5.499918e-02  5.830602e-02
4.992888e-02  5.514270e-02
4.509776e-02  5.199287e-02
4.050703e-02  4.886369e-02
3.615784e-02  4.576199e-02
3.205130e-02  4.269414e-02
2.818843e-02  3.966589e-02
2.457021e-02  3.668226e-02
2.119755e-02  3.374739e-02
1.807130e-02  3.086450e-02
1.519225e-02  2.803572e-02
1.256111e-02  2.526209e-02
1.017856e-02  2.254353e-02
8.045187e-03  1.987875e-02
6.161536e-03  1.726537e-02
4.528077e-03  1.469987e-02
3.145224e-03  1.217772e-02
2.013324e-03  9.693452e-03
1.132661e-03  7.240766e-03
5.034576e-04  4.812690e-03
1.258723e-04  2.401722e-03
0.000000e+00  0.000000e+00
1.258723e-04  -2.330727e-03
5.034576e-04  -4.666640e-03
1.132661e-03  -7.011720e-03
2.013324e-03  -9.369953e-03
3.145224e-03  -1.174532e-02
4.528077e-03  -1.414177e-02
6.161536e-03  -1.656322e-02
8.045187e-03  -1.901350e-02
1.017856e-02  -2.149628e-02
1.256111e-02  -2.401507e-02
1.519225e-02  -2.657307e-02
1.807130e-02  -2.917313e-02
2.119755e-02  -3.181761e-02
2.457021e-02  -3.450833e-02
2.818843e-02  -3.724639e-02
3.205130e-02  -4.003212e-02
3.615784e-02  -4.286492e-02
4.050703e-02  -4.574321e-02
4.509776e-02  -4.866432e-02
4.992888e-02  -5.162438e-02
5.499918e-02  -5.461836e-02
6.030738e-02  -5.763996e-02
6.585214e-02  -6.068166e-02
7.163207e-02  -6.373472e-02
7.764571e-02  -6.678930e-02
8.389154e-02  -6.983447e-02
9.036800e-02  -7.285842e-02
9.707346e-02  -7.584857e-02
1.040062e-01  -7.879175e-02
1.111646e-01  -8.167441e-02
1.185466e-01  -8.448287e-02
1.261506e-01  -8.720348e-02
1.339746e-01  -8.982294e-02
1.420166e-01  -9.232846e-02
1.502746e-01  -9.470803e-02
1.587465e-01  -9.695060e-02
1.674301e-01  -9.904627e-02
1.763234e-01  -1.009864e-01
1.854240e-01  -1.027638e-01
1.947297e-01  -1.043728e-01
2.042382e-01  -1.058090e-01
2.139469e-01  -1.070696e-01
2.238535e-01  -1.081531e-01
2.339556e-01  -1.090594e-01
2.442504e-01  -1.097892e-01
2.547356e-01  -1.103441e-01
2.654083e-01  -1.107263e-01
2.762660e-01  -1.109383e-01
2.873058e-01  -1.109826e-01
2.985251e-01  -1.108613e-01
3.099210e-01  -1.105758e-01
3.214906e-01  -1.101269e-01
3.332310e-01  -1.095139e-01
3.451393e-01  -1.087352e-01
3.572124e-01  -1.077874e-01
3.694473e-01  -1.066658e-01
3.818410e-01  -1.053643e-01
3.943903e-01  -1.038752e-01
4.070921e-01  -1.021900e-01
4.199431e-01  -1.002993e-01
4.329401e-01  -9.819328e-02
4.460799e-01  -9.586224e-02
4.593592e-01  -9.329724e-02
4.727745e-01  -9.049065e-02
4.863226e-01  -8.743691e-02
5.000000e-01  -8.413315e-02
5.138033e-01  -8.057998e-02
5.277289e-01  -7.678211e-02
5.417735e-01  -7.274896e-02
5.559334e-01  -6.849516e-02
5.702051e-01  -6.404093e-02
5.845850e-01  -5.941228e-02
5.990695e-01  -5.464103e-02
6.136549e-01  -4.976458e-02
6.283375e-01  -4.482550e-02
6.431138e-01  -3.987080e-02
6.579799e-01  -3.495099e-02
6.729320e-01  -3.011892e-02
6.879666e-01  -2.542830e-02
7.030796e-01  -2.093215e-02
7.182674e-01  -1.668106e-02
7.335262e-01  -1.272133e-02
7.488520e-01  -9.093287e-03
7.642411e-01  -5.829574e-03
7.796895e-01  -2.953812e-03
7.951933e-01  -4.796372e-04
8.107488e-01  1.589663e-03
8.263518e-01  3.260735e-03
8.419986e-01  4.548748e-03
8.576852e-01  5.474765e-03
8.734075e-01  6.061649e-03
8.891618e-01  6.328239e-03
9.049440e-01  6.281547e-03
9.207500e-01  5.906683e-03
9.365761e-01  5.154250e-03
9.524181e-01  3.924932e-03
9.682721e-01  2.051005e-03
9.841340e-01  -7.254615e-04
1.000000e+00  -4.777956e-03