1.000000e+00  4.804186e-03
9.841340e-01  7.003988e-03
9.682721e-01  9.207656e-03
9.524181e-01  1.141834e-02
9.365761e-01  1.364913e-02
9.207500e-01  1.591861e-02
9.049440e-01  1.824737e-02
8.891618e-01  2.065536e-02
8.734075e-01  2.315994e-02
8.576852e-01  2.577462e-02
8.419986e-01  2.850829e-02
8.263518e-01  3.136493e-02
8.107488e-01  3.434368e-02
7.951933e-01  3.743916e-02
7.796895e-01  4.064205e-02
7.642411e-01  4.393973e-02
7.488520e-01  4.731706e-02
7.335262e-01  5.075716e-02
7.182674e-01  5.424217e-02
7.030796e-01  5.775399e-02
6.879666e-01  6.127488e-02
6.729320e-01  6.478804e-02
6.579799e-01  6.827801e-02
6.431138e-01  7.173101e-02
6.283375e-01  7.513510e-02
6.136549e-01  7.848031e-02
5.990695e-01  8.175860e-02
5.845850e-01  8.496374e-02
5.702051e-01  8.809114e-02
5.559334e-01  9.113757e-02
5.417735e-01  9.410088e-02
5.277289e-01  9.697966e-02
5.138033e-01  9.977291e-02
5.000000e-01  1.024797e-01
4.863226e-01  1.050987e-01
4.727745e-01  1.076283e-01
4.593592e-01  1.100659e-01
4.460799e-01  1.124078e-01
4.329401e-01  1.146494e-01
4.199431e-01  1.167846e-01
4.070921e-01  1.188063e-01
3.943903e-01  1.207060e-01
3.818410e-01  1.224741e-01
3.694473e-01  1.241000e-01
3.572124e-01  1.255724e-01
3.451393e-01  1.268795e-01
3.332310e-01  1.280090e-01
3.214906e-01  1.289489e-01
3.099210e-01  1.296873e-01
2.985251e-01  1.302131e-01
2.873058e-01  1.305162e-01
2.762660e-01  1.305874e-01
2.654083e-01  1.304194e-01
2.547356e-01  1.300063e-01
2.442504e-01  1.293443e-01
2.339556e-01  1.284316e-01
2.238535e-01  1.272685e-01
2.139469e-01  1.258576e-01
2.042382e-01  1.242039e-01
1.947297e-01  1.223142e-01
1.854240e-01  1.201978e-01
1.763234e-01  1.178656e-01
1.674301e-01  1.153307e-01
1.587465e-01  1.126074e-01
1.502746e-01  1.097116e-01
1.420166e-01  1.066602e-01
1.339746e-01  1.034709e-01
1.261506e-01  1.001620e-01
1.185466e-01  9.675203e-02
1.111646e-01  9.325942e-02
1.040062e-01  8.970239e-02
9.707346e-02  8.609858e-02
9.036800e-02  8.246484e-02
8.389154e-02  7.881705e-02
7.764571e-02  7.516993e-02
7.163207e-02  7.153689e-02
6.585214e-02  6.792992e-02
6.030738e-02  6.435954e-02
5.499918e-02  6.083474e-02
4.992888e-02  5.736295e-02
4.509776e-02  5.395009e-02
4.050703e-02  5.060059e-02
3.615784e-02  4.731749e-02
3.205130e-02  4.410251e-02
2.818843e-02  4.095613e-02
2.457021e-02  3.787778e-02
2.119755e-02  3.486587e-02
1.807130e-02  3.191801e-02
1.519225e-02  2.903106e-02
1.256111e-02  2.620130e-02
1.017856e-02  2.342453e-02
8.045187e-03  2.069617e-02
6.161536e-03  1.801137e-02
4.528077e-03  1.536506e-02
3.145224e-03  1.275204e-02
2.013324e-03  1.016702e-02
1.132661e-03  7.604670e-03
5.034576e-04  5.059627e-03
1.258723e-04  2.526526e-03
0.000000e+00  0.000000e+00
1.258723e-04  -2.079369e-03
5.034576e-04  -4.153872e-03
1.132661e-03  -6.217696e-03
2.013324e-03  -8.265542e-03
3.145224e-03  -1.029286e-02
4.528077e-03  -1.229604e-02
6.161536e-03  -1.427261e-02
8.045187e-03  -1.622131e-02
1.017856e-02  -1.814224e-02
1.256111e-02  -2.003681e-02
1.519225e-02  -2.190774e-02
1.807130e-02  -2.375897e-02
2.119755e-02  -2.559555e-02
2.457021e-02  -2.742338e-02
2.818843e-02  -2.924907e-02
3.205130e-02  -3.107959e-02
3.615784e-02  -3.292201e-02
4.050703e-02  -3.478320e-02
4.509776e-02  -3.666946e-02
4.992888e-02  -3.858625e-02
5.499918e-02  -4.053783e-02
6.030738e-02  -4.252702e-02
6.585214e-02  -4.455493e-02
7.163207e-02  -4.662076e-02
7.764571e-02  -4.872163e-02
8.389154e-02  -5.085253e-02
9.036800e-02  -5.300625e-02
9.707346e-02  -5.517346e-02
1.040062e-01  -5.734277e-02
1.111646e-01  -5.950095e-02
1.185466e-01  -6.163318e-02
1.261506e-01  -6.372330e-02
1.339746e-01  -6.575418e-02
1.420166e-01  -6.770815e-02
1.502746e-01  -6.956737e-02
1.587465e-01  -7.131429e-02
1.674301e-01  -7.293209e-02
1.763234e-01  -7.440511e-02
1.854240e-01  -7.571929e-02
1.947297e-01  -7.686246e-02
2.042382e-01  -7.782476e-02
2.139469e-01  -7.859882e-02
2.238535e-01  -7.917998e-02
2.339556e-01  -7.956639e-02
2.442504e-01  -7.975904e-02
2.547356e-01  -7.976165e-02
2.654083e-01  -7.958058e-02
2.762660e-01  -7.922454e-02
2.873058e-01  -7.870429e-02
2.985251e-01  -7.803225e-02
3.099210e-01  -7.722207e-02
3.214906e-01  -7.628813e-02
3.332310e-01  -7.524504e-02
3.451393e-01  -7.410714e-02
3.572124e-01  -7.288795e-02
3.694473e-01  -7.159976e-02
3.818410e-01  -7.025317e-02
3.943903e-01  -6.885675e-02
4.070921e-01  -6.741680e-02
4.199431e-01  -6.593715e-02
4.329401e-01  -6.441914e-02
4.460799e-01  -6.286171e-02
4.593592e-01  -6.126155e-02
4.727745e-01  -5.961346e-02
4.863226e-01  -5.791074e-02
5.000000e-01  -5.614575e-02
5.138033e-01  -5.431054e-02
5.277289e-01  -5.239749e-02
5.417735e-01  -5.040005e-02
5.559334e-01  -4.831346e-02
5.702051e-01  -4.613543e-02
5.845850e-01  -4.386675e-02
5.990695e-01  -4.151183e-02
6.136549e-01  -3.907908e-02
6.283375e-01  -3.658108e-02
6.431138e-01  -3.403463e-02
6.579799e-01  -3.146047e-02
6.729320e-01  -2.888286e-02
6.879666e-01  -2.632884e-02
7.030796e-01  -2.382726e-02
7.182674e-01  -2.140764e-02
7.335262e-01  -1.909880e-02
7.488520e-01  -1.692739e-02
7.642411e-01  -1.491637e-02
7.796895e-01  -1.308352e-02
7.951933e-01  -1.144021e-02
8.107488e-01  -9.990345e-03
8.263518e-01  -8.729923e-03
8.419986e-01  -7.647186e-03
8.576852e-01  -6.723679e-03
8.734075e-01  -5.936416e-03
8.891618e-01  -5.261403e-03
9.049440e-01  -4.678790e-03
9.207500e-01  -4.179918e-03
9.365761e-01  -3.776556e-03
9.524181e-01  -3.512616e-03
9.682721e-01  -3.478629e-03
9.841340e-01  -3.829267e-03
1.000000e+00  -4.804186e-03