1.000000e+00  9.527848e-02
9.841340e-01  1.000219e-01
9.682721e-01  1.042459e-01
9.524181e-01  1.081151e-01
9.365761e-01  1.117534e-01
9.207500e-01  1.152512e-01
9.049440e-01  1.186719e-01
8.891618e-01  1.220577e-01
8.734075e-01  1.254342e-01
8.576852e-01  1.288145e-01
8.419986e-01  1.322028e-01
8.263518e-01  1.355968e-01
8.107488e-01  1.389901e-01
7.951933e-01  1.423739e-01
7.796895e-01  1.457382e-01
7.642411e-01  1.490729e-01
7.488520e-01  1.523680e-01
7.335262e-01  1.556145e-01
7.182674e-01  1.588043e-01
7.030796e-01  1.619304e-01
6.879666e-01  1.649867e-01
6.729320e-01  1.679680e-01
6.579799e-01  1.708695e-01
6.431138e-01  1.736871e-01
6.283375e-01  1.764168e-01
6.136549e-01  1.790546e-01
5.990695e-01  1.815965e-01
5.845850e-01  1.840381e-01
5.702051e-01  1.863747e-01
5.559334e-01  1.886012e-01
5.417735e-01  1.907122e-01
5.277289e-01  1.927015e-01
5.138033e-01  1.945630e-01
5.000000e-01  1.962900e-01
4.863226e-01  1.978758e-01
4.727745e-01  1.993136e-01
4.593592e-01  2.005964e-01
4.460799e-01  2.017177e-01
4.329401e-01  2.026711e-01
4.199431e-01  2.034506e-01
4.070921e-01  2.040509e-01
3.943903e-01  2.044671e-01
3.818410e-01  2.046949e-01
3.694473e-01  2.047309e-01
3.572124e-01  2.045723e-01
3.451393e-01  2.042172e-01
3.332310e-01  2.036643e-01
3.214906e-01  2.029132e-01
3.099210e-01  2.019640e-01
2.985251e-01  2.008178e-01
2.873058e-01  1.994759e-01
2.762660e-01  1.979406e-01
2.654083e-01  1.962144e-01
2.547356e-01  1.943003e-01
2.442504e-01  1.922018e-01
2.339556e-01  1.899226e-01
2.238535e-01  1.874668e-01
2.139469e-01  1.848386e-01
2.042382e-01  1.820426e-01
1.947297e-01  1.790835e-01
1.854240e-01  1.759662e-01
1.763234e-01  1.726957e-01
1.674301e-01  1.692774e-01
1.587465e-01  1.657167e-01
1.502746e-01  1.620191e-01
1.420166e-01  1.581906e-01
1.339746e-01  1.542373e-01
1.261506e-01  1.501655e-01
1.185466e-01  1.459818e-01
1.111646e-01  1.416931e-01
1.040062e-01  1.373066e-01
9.707346e-02  1.328296e-01
9.036800e-02  1.282700e-01
8.389154e-02  1.236355e-01
7.764571e-02  1.189344e-01
7.163207e-02  1.141748e-01
6.585214e-02  1.093651e-01
6.030738e-02  1.045139e-01
5.499918e-02  9.962932e-02
4.992888e-02  9.471978e-02
4.509776e-02  8.979334e-02
4.050703e-02  8.485780e-02
3.615784e-02  7.992061e-02
3.205130e-02  7.498880e-02
2.818843e-02  7.006886e-02
2.457021e-02  6.516671e-02
2.119755e-02  6.028760e-02
1.807130e-02  5.543608e-02
1.519225e-02  5.061594e-02
1.256111e-02  4.583023e-02
1.017856e-02  4.108117e-02
8.045187e-03  3.637022e-02
6.161536e-03  3.169808e-02
4.528077e-03  2.706470e-02
3.145224e-03  2.246936e-02
2.013324e-03  1.791074e-02
1.132661e-03  1.338696e-02
5.034576e-04  8.895718e-03
1.258723e-04  4.434361e-03
0.000000e+00  0.000000e+00
1.258723e-04  -4.290982e-03
5.034576e-04  -8.609481e-03
1.132661e-03  -1.295893e-02
2.013324e-03  -1.734256e-02
3.145224e-03  -2.176334e-02
4.528077e-03  -2.622386e-02
6.161536e-03  -3.072628e-02
8.045187e-03  -3.527221e-02
1.017856e-02  -3.986273e-02
1.256111e-02  -4.449824e-02
1.519225e-02  -4.917848e-02
1.807130e-02  -5.390247e-02
2.119755e-02  -5.866847e-02
2.457021e-02  -6.347399e-02
2.818843e-02  -6.831576e-02
3.205130e-02  -7.318976e-02
3.615784e-02  -7.809118e-02
4.050703e-02  -8.301450e-02
4.509776e-02  -8.795348e-02
4.992888e-02  -9.290119e-02
5.499918e-02  -9.785007e-02
6.030738e-02  -1.027920e-01
6.585214e-02  -1.077182e-01
7.163207e-02  -1.126194e-01
7.764571e-02  -1.174861e-01
8.389154e-02  -1.223081e-01
9.036800e-02  -1.270749e-01
9.707346e-02  -1.317760e-01
1.040062e-01  -1.364003e-01
1.111646e-01  -1.409366e-01
1.185466e-01  -1.453736e-01
1.261506e-01  -1.496999e-01
1.339746e-01  -1.539040e-01
1.420166e-01  -1.579745e-01
1.502746e-01  -1.618999e-01
1.587465e-01  -1.656689e-01
1.674301e-01  -1.692703e-01
1.763234e-01  -1.726931e-01
1.854240e-01  -1.759265e-01
1.947297e-01  -1.789600e-01
2.042382e-01  -1.817835e-01
2.139469e-01  -1.843873e-01
2.238535e-01  -1.867622e-01
2.339556e-01  -1.888994e-01
2.442504e-01  -1.907908e-01
2.547356e-01  -1.924288e-01
2.654083e-01  -1.938068e-01
2.762660e-01  -1.949186e-01
2.873058e-01  -1.957591e-01
2.985251e-01  -1.963240e-01
3.099210e-01  -1.966098e-01
3.214906e-01  -1.966142e-01
3.332310e-01  -1.963357e-01
3.451393e-01  -1.957740e-01
3.572124e-01  -1.949296e-01
3.694473e-01  -1.938044e-01
3.818410e-01  -1.924010e-01
3.943903e-01  -1.907234e-01
4.070921e-01  -1.887765e-01
4.199431e-01  -1.865660e-01
4.329401e-01  -1.840989e-01
4.460799e-01  -1.813831e-01
4.593592e-01  -1.784273e-01
4.727745e-01  -1.752413e-01
4.863226e-01  -1.718357e-01
5.000000e-01  -1.682220e-01
5.138033e-01  -1.644128e-01
5.277289e-01  -1.604213e-01
5.417735e-01  -1.562620e-01
5.559334e-01  -1.519504e-01
5.702051e-01  -1.475032e-01
5.845850e-01  -1.429385e-01
5.990695e-01  -1.382757e-01
6.136549e-01  -1.335362e-01
6.283375e-01  -1.287432e-01
6.431138e-01  -1.239221e-01
6.579799e-01  -1.191006e-01
6.729320e-01  -1.143093e-01
6.879666e-01  -1.095815e-01
7.030796e-01  -1.049539e-01
7.182674e-01  -1.004661e-01
7.335262e-01  -9.616132e-02
7.488520e-01  -9.208600e-02
7.642411e-01  -8.828966e-02
7.796895e-01  -8.482456e-02
7.951933e-01  -8.174513e-02
8.107488e-01  -7.910707e-02
8.263518e-01  -7.696624e-02
8.419986e-01  -7.537708e-02
8.576852e-01  -7.439066e-02
8.734075e-01  -7.405227e-02
8.891618e-01  -7.439849e-02
9.049440e-01  -7.545359e-02
9.207500e-01  -7.722540e-02
9.365761e-01  -7.970040e-02
9.524181e-01  -8.283814e-02
9.682721e-01  -8.656480e-02
9.841340e-01  -9.076596e-02
1.000000e+00  -9.527848e-02